4032139,1.20058
2055486,0.509774
5626651,1.47608
42065,0.00765094
6297788,1.66156
8871407,2.65312
3106899,0.801168
2410855,0.59817
558704,0.129056
9012730,2.47787
6099403,1.63177
7189925,1.94018
3759151,0.978011
8004274,2.20221
4125525,1.05936
7580493,2.08413
9045670,2.46129
2987773,0.768997
2956967,0.78016
1941281,0.477229
8114281,2.20089
4266506,1.09593
875524,0.2009
7067836,1.90875
1380084,0.364717
8178770,2.22224
1411049,0.34223
4234128,1.10746
7753911,2.11336
7899078,2.13344
5810276,1.55536
6453164,1.77155
2707461,0.709328
9644353,2.65573
1177165,0.289262
6227021,1.66211
3801500,0.97699
5282817,1.38053
6840652,1.84733
7406770,1.985
499171,0.111366
4079409,1.04843
4411743,1.18522
3267462,0.842359
6624122,1.79902
4766366,1.24911
9547276,2.62327
8250893,2.23737
4047897,1.03789
4948758,1.31252
2387562,0.598895
6651722,1.77865
2723540,0.702964
8971795,2.46803
2760013,0.699129
4964843,1.2933
6936320,1.87922
9554308,2.67241
5942592,1.56632
6907189,1.87964
9876788,2.73097
2608585,0.669719
8355956,2.30238
4429164,1.16027
6110699,1.66281
2802260,0.713421
1530409,0.376033
3383207,0.875101
8073934,2.18955
3347406,0.870008
6028012,1.59903
5476166,1.46239
1806478,0.448284
3627072,0.95652
5718352,1.52348
3841140,1.02392
5741439,1.51965
8354362,2.27569
8154513,2.20553
3699335,0.951555
1150938,0.27412
1441953,0.353366
4870811,1.29444
6116492,1.64078
8867038,2.44323
4381390,1.14846
6561477,1.76111
310525,0.0707676
9442168,2.57544
4277176,1.15519
2330872,0.593831
1032538,0.250651
1911355,0.471985
7160829,1.94928
4367411,1.16065
3558111,0.926403
8301739,2.23103
584017,0.131924
3401902,0.886784
3462337,0.892522
3472038,0.884756
611878,0.140751
4681472,1.21917
421682,0.0937957
8996054,2.48018
1059821,0.25277
9852891,2.70699
5912815,1.56781
6927649,1.88555
2258700,0.574619
3142222,0.810255
9188215,2.50151
2602072,0.655309
2084278,0.513203
2457180,0.620945
9059384,2.51434
66574,0.0128978
7270381,1.98732
9212542,2.54188
1567039,0.388352
6468083,1.72174
9539672,2.64329
8358053,2.2769
6050729,1.59841
5352453,1.42177
8058205,2.2069
5482368,1.4598
7818714,2.14272
6783529,1.83059
8632822,2.33137
2675395,0.703626
8278686,2.24488
6359966,1.71814
9233451,2.53494
8585711,2.35524
7151390,1.93862
5271824,1.4007
1260052,0.301435
9672903,2.64327
9051173,2.4577
4008246,1.03262
4901906,1.2893
6159388,1.63284
3353366,0.853889
8778410,2.41564
4224614,1.10234
5831032,1.56289
2362135,0.595715
5553325,1.4655
1406160,0.349982
8993583,2.47076
2781765,0.707459
5873993,1.58435
7365633,1.99405
2681853,0.690696
2538937,0.639041
8471152,2.30069
5487114,1.45517
2272872,0.584592
5998672,1.61788
7619829,2.12986
9503567,2.63458
8582266,2.35652
3344540,0.862128
9494017,2.64574
5498838,1.44838
4715294,1.24301
4563131,1.19424
3461053,0.885589
5171031,1.37726
9161246,2.50828
2406435,0.605567
3267076,0.858474
357348,0.0790833
8435987,2.29698
1866192,0.458838
2742073,0.710462
2285225,0.581897
8095683,2.20818
2798086,0.706172
1063490,0.25635
3284492,0.845824
5552783,1.50916
8480244,2.29997
291791,0.0623086
4929162,1.30994
2777730,0.715479
6012287,1.62356
6623079,1.77636
6460651,1.73951
7790931,2.17587
6267660,1.66605
7794912,2.1101
133875,0.0283116
6700193,1.80715
313307,0.0700086
917940,0.216409
6247108,1.67739
9077087,2.51388
879225,0.210293
4913156,1.30225
9333235,2.58541
9960888,2.83168
8652205,2.42117
2111640,0.53255
2982339,0.768442
1254156,0.31738
3740308,0.960576
9112716,2.51979
8399171,2.37945
7863519,2.14594
6554054,1.75672
3298212,0.864713
6400808,1.7532
681742,0.157526
4104356,1.08344
1527159,0.375966
2910156,0.760262
4098802,1.0723
8639995,2.3921
5084506,1.40388
9617259,2.72355
7905323,2.16826
6496550,1.72929
4570476,1.18646
5755548,1.51482
9652795,2.68803
782865,0.181688
6828632,1.84907
1094832,0.260966
74817,0.0151438
9929268,2.76752
1334726,0.332497
3124007,0.801211
3527436,0.909952
3672929,0.949724
8721613,2.40676
9406814,2.58445
569884,0.127824
7445141,2.01254
798827,0.184587
3306866,0.859798
4312979,1.14868
1184079,0.299645
5585910,1.46519
3405011,0.871388
8390562,2.28013
8352099,2.29169
459231,0.103451
274354,0.0591824
9735679,2.68592
7303174,1.97848
1590636,0.388607
596002,0.133978
1673589,0.415845
4261156,1.11841
5524692,1.47849
9533693,2.61003
4363674,1.1306
5532867,1.45354
3349917,0.85436
1964874,0.497968
3495960,0.9049
947110,0.222126
4097651,1.07198
6163856,1.63901
5050995,1.34074
4012773,1.03658
4448225,1.18164
3559146,0.921645
8575372,2.33305
8020496,2.19447
9022994,2.47549
4952832,1.30441
9986483,2.73184
4805941,1.24406
549778,0.124772
9944342,2.78838
6187679,1.6533
2245132,0.569495
4331314,1.11963
5530936,1.46818
8107948,2.20476
6034945,1.59587
3275867,0.859518
5813943,1.57719
7038228,1.87834
9630619,2.62802
8693259,2.35992
128556,0.0266063
2089543,0.514532
7230586,1.95991
9749243,2.74642
5482076,1.45587
6975702,1.86594
1752447,0.427081
6177830,1.64418
2924100,0.758246
7909525,2.14966
7527677,2.03877
7292540,1.94597
2924990,0.740527
9736997,2.65352
5950181,1.59365
3886414,1.0092
5652551,1.49458
4025059,1.03917
7375516,1.9926
2066851,0.508387
7462131,2.0199
7822430,2.14259
4832831,1.28353
7679028,2.11403
7223442,1.98716
8324693,2.28434
3171834,0.85908
7941132,2.20024
8055417,2.22583
6075870,1.65037
1652,0.000242622
8332576,2.33228
8729798,2.42578
1587398,0.399404
8838183,2.46267
5241246,1.40672
5967489,1.62672
5953942,1.63374
6236510,1.70577
8488893,2.33852
9286040,2.55762
9982186,2.73317
3931068,1.0137
9928823,2.78413
5484508,1.46894
6966701,1.87383
2596989,0.654831
8779541,2.38925
903935,0.21168
1893601,0.470351
479678,0.106402
1255078,0.300084
3078866,0.801274
6609015,1.79788
6544389,1.75054
700670,0.164022
473896,0.113014
5095994,1.36004
3544663,0.940424
18368,0.00300264
6980630,1.8867
9694692,2.67292
9438234,2.57037
3593564,0.917768
8598563,2.32067
5274294,1.3802
2133500,0.533781
2091431,0.517978
9367152,2.56726
6831161,1.84272
4625615,1.20031
700169,0.161556
1619117,0.390249
1876246,0.458275
9642733,2.60797
2732696,0.682406
2794397,0.698146
3742502,0.972767
7642096,2.04099
1465575,0.363132
5604649,1.47021
7350417,1.96054
442285,0.0983914
950528,0.21906
8302416,2.24865
9952214,2.74901
7514374,2.0834
1652408,0.417412
8724281,2.4066
6616204,1.80429
7116667,1.91574
4709966,1.23134
9775634,2.67615
880623,0.213621
9045022,2.49548
2574670,0.637641
1252054,0.29849
6294003,1.66636
956573,0.229588
4073788,1.08761
6992967,1.9007
1597642,0.386377
7786085,2.09557
1038792,0.255685
5772774,1.55546
4374556,1.14646
9499780,2.6267
1382573,0.347772
5345698,1.43507
704456,0.168944
8988243,2.51537
5502415,1.50345
7902969,2.17608
1205420,0.289377
4727314,1.33019
619850,0.173991
4720193,1.45014
527278,0.121346
7572550,2.10744
9031648,2.47193
5948435,1.58903
4539170,1.19513
5992084,1.61602
8730616,2.37231
7884891,2.11836
6755563,1.81938
1868479,0.456209
1067625,0.253432
28650,0.00513756
5338636,1.40464
5039789,1.34866
1746383,0.450182
4288365,1.14885
1130286,0.28603
1353880,0.337117
3667152,1.02949
1951986,0.528794
6533398,1.76803
6789754,1.80308
9579279,2.7151
1681854,0.422049
6745212,1.85596
7942918,2.16826
1398129,0.334105
1297928,0.309403
7676047,2.12868
6634977,1.76904
659627,0.152217
3226845,0.834888
7120713,1.92268
2909611,0.764209
8573523,2.39707
8442958,2.29983
8482414,2.29435
7669431,2.07892
1722252,0.422012
9148954,2.48076
5976629,1.57955
4663216,1.21837
9477848,2.5873
8081322,2.1878
8728293,2.41884
9758901,2.66946
4364456,1.12928
4611249,1.22278
9992829,2.77746
9631251,2.65375
5573419,1.47457
9308835,2.5604
8256232,2.26118
5060386,1.33004
8435621,2.30874
1283977,0.307472
5330933,1.39918
52462,0.0102424
9243160,2.51969
9977859,2.73722
3534925,0.908331
6707524,1.78709
6150973,1.62505
4467347,1.16127
8822728,2.39686
1913540,0.502416
9275715,2.53277
726285,0.172173
521248,0.121201
5728347,1.5225
8874422,2.40843
4626933,1.22055
9462733,2.62042
4899152,1.27476
4562799,1.17546
6621661,1.78003
2705372,0.681083
4283404,1.11199
9750655,2.65897
671753,0.152961
5995795,1.61082
5891740,1.56094
2931333,0.75271
80379,0.0150516
7762182,2.09214
8787870,2.40493
6052340,1.61037
475971,0.109564
9846321,2.70687
9298260,2.53277
9314282,2.56005
6697987,1.79903
2656267,0.669816
4264947,1.14719
2872488,0.753304
2748320,0.687278
2341975,0.591566
2340521,0.574482
6623084,1.75681
9956763,2.7466
1568219,0.39285
337851,0.0769803
7432128,2.01878
511084,0.114965
8305883,2.26849
568513,0.130861
9864912,2.68492
3153581,0.79258
5497756,1.43599
7569429,2.02152
1176375,0.293031
5715235,1.53709
6853607,1.82109
4267335,1.1164
2466731,0.611674
7889011,2.13661
5619425,1.46323
9025755,2.47307
792127,0.18897
1232814,0.309487
4072286,1.06238
5271805,1.382
3735806,0.959739
115997,0.0246987
2870951,0.719336
1605642,0.383346
6943792,1.86657
8636315,2.35636
3156672,0.798637
1863311,0.45895
1746572,0.427436
3475216,0.878703
3749827,0.96848
9137171,2.48729
9343186,2.54971
5619384,1.49184
7424824,1.99708
5707440,1.51121
6506528,1.73652
7249816,1.94351
9611751,2.60804
2306226,0.591876
82306,0.0182512
3857578,0.995973
9903030,2.78232
2847571,0.713232
4729672,1.25994
4841540,1.26934
2476660,0.618448
7703978,2.06513
6881914,1.87667
5243063,1.3786
8508953,2.3236
4314298,1.11376
9109473,2.55504
6862965,1.85217
7310687,1.99448
5074800,1.34943
8118201,2.26846
4810564,1.26235
8266640,2.24229
635700,0.150462
6157287,1.66835
2213861,0.550092
9562291,2.61469
9613008,2.66943
2920566,0.763589
3337639,0.856489
7836889,2.12847
5164875,1.39767
2856912,0.758202
7414859,2.05241
8688421,2.37055
414087,0.0921545
6590174,1.74635
4578590,1.2044
4357709,1.15044
6986548,1.89344
7955255,2.19597
5082320,1.35024
5416668,1.43464
8089594,2.25507
8765988,2.42072
2707924,0.697175
5007161,1.33631
8646952,2.37516
6332891,1.72099
6099054,1.62594
7943966,2.15691
4487836,1.17644
6694921,1.78541
8002815,2.15442
5801048,1.55807
8193192,2.2437
8239941,2.25611
1623287,0.415143
1235672,0.310498
5380790,1.41388
1037583,0.244589
8653793,2.32434
8530765,2.36121
777618,0.185223
9056065,2.50503
9433282,2.6002
4959357,1.32517
4222809,1.14726
9358753,2.69695
3297087,0.844544
8615451,2.35499
9468,0.00153445
9791284,2.69421
2681051,0.690299
3006167,0.802908
3817634,0.99144
4653467,1.22146
2290921,0.584381
7086621,1.92733
6511431,1.74286
2436979,0.608236
3549538,0.904668
2935149,0.746901
4159857,1.12548
4313688,1.1298
537853,0.120888
6800758,1.85492
9233211,2.5604
2591206,0.661717
5748521,1.52174
9165559,2.55929
9111012,2.4971
1149183,0.273898
4630943,1.20851
4298224,1.14393
9402824,2.57113
5256987,1.38589
9231643,2.53846
1224428,0.294238
7926883,2.14665
9087107,2.51477
986943,0.238148
9340674,2.56848
287895,0.0647884
9777313,2.68294
9408460,2.5805
180694,0.0393144
2876682,0.729462
2726951,0.6938
3975571,1.02858
138120,0.0277257
4560895,1.18401
6958833,1.87814
9274500,2.54029
7124487,1.91017
2573924,0.650609
9972811,2.72976
2237690,0.55464
9036950,2.46858
6712967,1.80925
991881,0.237377
6052094,1.64318
6304187,1.7002
9785819,2.75692
8616338,2.38717
7926252,2.17273
1574468,0.386726
6441128,1.7467
6119816,1.65762
7788189,2.14134
552913,0.125557
3608696,0.955058
6708174,1.84663
9570340,2.63709
5796523,1.53365
4241217,1.12102
752788,0.180876
6964968,1.91535
5679036,1.52085
7956367,2.1756
9097027,2.50303
2956725,0.75153
4953179,1.31262
123716,0.0268486
5722991,1.52474
6187719,1.64117
1337004,0.32539
4631416,1.22903
9468247,2.63401
1434245,0.357513
1282268,0.311218
866459,0.203611
1518688,0.370619
1359702,0.330034
9757984,2.71126
6299229,1.68173
4020793,1.0927
1184781,0.295917
1943114,0.496944
7371188,2.00551
1201115,0.29802
6487360,1.77381
4383260,1.16512
3176736,0.835093
8438575,2.31611
1940960,0.485671
2224,0.000312721
6250308,1.68128
9632392,2.66381
6243825,1.6664
2738088,0.732083
2262130,0.592669
7805262,2.18697
6165008,1.70338
1691331,0.424341
1514409,0.36819
7222537,1.95373
3713748,0.983134
4151808,1.08233
4234167,1.12897
5684558,1.51292
4814062,1.28144
1777748,0.437155
6304581,1.67547
6171376,1.64135
8560812,2.36396
6752822,1.81912
513605,0.115142
4856266,1.26933
8127906,2.19767
7499317,2.03612
9854661,2.71524
4433355,1.15165
622598,0.150881
5422422,1.45527
9128692,2.54013
8681594,2.42045
3191473,0.838306
5980214,1.6346
7726139,2.12059
2929220,0.770458
3717845,1.00403
481518,0.1113
6851644,1.9071
3764955,0.985732
266130,0.0595831
7576638,2.1056
7765314,2.15104
7320549,2.01435
8419011,2.36022
5037801,1.37315
786565,0.188431
1615993,0.407005
2828304,0.73651
779839,0.187214
8533853,2.40438
9008779,2.53504
1369317,0.348555
8132288,2.23562
618088,0.147452
8463840,2.37233
3044935,0.807792
8160747,2.2443
4016368,1.08495
4950382,1.37516
1799440,0.467125
4326420,1.16159
3517165,0.920003
693810,0.163983
6987424,1.94228
1787114,0.4487
2209458,0.559149
6972865,1.91014
554669,0.127503
7038213,1.94775
9934895,2.80816
6458760,1.78287
8351301,2.38703
1345220,0.332439
9955863,2.79905
581087,0.136376
3749533,0.995047
9165167,2.6175
6799505,1.86889
8339967,2.3277
3624350,0.96404
8447842,2.35757
8386715,2.33154
4157647,1.09782
7431761,2.03766
5746336,1.56663
3112074,0.819976
4264664,1.1394
2937422,0.768093
8007289,2.22313
7989753,2.20557
2686873,0.700635
8325280,2.3075
1085659,0.271802
2071337,0.541679
7921644,2.20627
6587017,1.79956
6390674,1.76816
3533268,0.93737
1713037,0.430945
1175703,0.29086
7304773,2.01972
4820187,1.31037
1078245,0.263607
4761534,1.28819
1216346,0.30048
6115396,1.67738
9802699,2.79623
7686659,2.12181
2623390,0.671376
7185705,2.00943
6462017,1.76317
9005179,2.58804
5869686,1.64
4942613,1.35047
9515855,2.7217
4850455,1.32756
9398245,2.63365
4815472,1.33293
6689603,1.88856
4331676,1.17332
4446726,1.20671
3717319,0.995097
9830131,2.83819
5076135,1.4163
104119,0.0219197
5286885,1.4661
7340138,2.04381
4840162,1.3167
622768,0.143538
8951688,2.49965
1476512,0.372277
4628796,1.23954
5842271,1.61626
1278111,0.317642
8083451,2.67881
9868411,3.31554
4167896,1.31678
8231835,2.71253
4683693,1.48913
4747937,1.51995
19369,0.0041198
1168218,0.346797
5648183,1.82579
9011188,2.98506
6047303,1.96247
9379000,2.84497
963664,0.237542
8929869,2.52815
672693,0.15998
2202196,0.572622
9703522,2.72663
6589355,1.82457
6223266,1.72706
2789800,0.726902
4835196,1.32456
379909,0.0856903
1762414,0.447526
1841376,0.461517
1643801,0.41404
9716008,2.74532
9993908,2.84252
2843330,0.739974
682759,0.161808
7013211,1.90899
7553840,2.06831
6952656,1.91547
3717118,0.967173
9643079,2.67486
3523825,0.921116
6574552,1.77969
8617866,2.37675
5304523,1.42727
8137133,2.28004
8751594,2.49042
2244436,0.579181
2895762,0.762035
4732508,1.26354
8638225,2.39882
9664824,2.69074
9862507,2.76414
7263314,2.01096
3999157,1.04742
3873224,1.02791
7724735,2.12864
3069100,0.813196
535678,0.122422
9848695,2.75282
4892723,1.32816
7720896,2.12658
8814605,2.44526
27151,0.00524503
4476857,1.19705
5802848,1.60699
649715,0.152324
4959601,1.32901
3751012,1.02547
7838979,2.1832
3665424,0.967908
2045710,0.530018
4458169,1.20209
552362,0.130596
2028568,0.516765
9455708,2.65935
2722715,0.70815
3085704,0.807341
9961371,2.81007
2197307,0.560076
206937,0.0453706
1465945,0.364059
5611347,1.51463
6051210,1.69016
7085447,1.99764
2053941,0.532052
8291847,2.34047
5267859,1.43271
6056629,1.6708
770430,0.191382
5429073,1.50524
5351295,1.47567
9295132,2.58552
7449634,2.04855
5325628,1.43398
2225496,0.562106
3640782,0.955731
2113968,0.5356
4093923,1.0845
5489427,1.49895
1811164,0.464947
730101,0.168011
5038008,1.35167
6288033,1.71434
6782677,1.8336
327222,0.0721345
7509808,2.05949
4516604,1.22483
1482061,0.374141
5257079,1.41636
939846,0.222753
5012782,1.3506
6824470,1.88845
6267831,1.715
2543255,0.658408
5309253,1.46334
6601915,1.80169
1514990,0.377408
7305477,1.99003
2157513,0.555829
711912,0.166422
1073908,0.257468
6186905,1.70887
8350737,2.3426
8470822,2.34863
961021,0.232335
5837616,1.58647
9420916,2.61886
3835342,1.01963
7435391,2.0247
9292336,2.57499
7048859,1.94799
5212971,1.4064
8710156,2.45596
7199665,2.0185
6203129,1.74045
9426391,2.67059
1474499,0.376377
5391804,1.47501
6934705,1.9391
573113,0.132569
6353014,1.73019
4176294,1.15292
5660923,1.55472
2904667,0.749203
5200053,1.39289
6182905,1.68286
5530979,1.52012
5414088,1.47143
7640151,2.09221
4564616,1.22333
7553255,2.06372
1710248,0.437143
1227451,0.314105
1411750,0.356284
1182953,0.302313
3003415,0.801522
5028093,1.3615
5540294,1.47403
3338894,0.867974
1770542,0.454599
9891272,2.79534
9837323,2.7746
6803889,1.85882
8906525,2.46132
3713789,0.979761
6854293,1.87662
7115958,1.91312
4343976,1.13731
6257985,1.68181
6770377,1.85122
370826,0.0829288
4217332,1.11579
6041776,1.65409
5910230,1.58093
4311330,1.11264
9823362,2.76107
1583326,0.395114
2432116,0.612808
3558642,0.920957
1000304,0.234024
239,2.7681e-05
3636137,0.94049
9777599,2.70712
8890311,2.4126
663,8.6004e-05
1023367,0.24114
1724715,0.423794
4108473,1.08441
3895578,1.02327
9962912,2.78638
6980849,1.85479
2659928,0.671649
1545343,0.370414
7539481,2.01589
2467210,0.64038
5088470,1.35114
9283883,2.54635
6145993,1.65255
8120291,2.21481
1728241,0.435619
7407562,2.00582
6928268,1.86681
8366950,2.32438
3886749,1.03375
9052823,2.50691
176711,0.0358289
2416663,0.612861
2146815,0.537022
1183869,0.287461
3719443,0.98465
7028401,1.87597
46663,0.0092695
5333726,1.45455
4764856,1.24149
6114428,1.64982
778218,0.181192
926829,0.217306
1013974,0.244001
5218451,1.38791
8296633,2.25971
6603003,1.78591
4926004,1.30876
920336,0.226768
6526388,1.72346
5587790,1.51084
8011230,2.20441
6415676,1.74146
8257942,2.29939
4583840,1.23365
292112,0.0663649
5312220,1.45292
2916820,0.743716
9995358,2.77383
8165610,2.22953
2080017,0.52164
8644563,2.36871
3443383,0.873868
5836080,1.53745
2764043,0.69717
4797278,1.2576
753211,0.177454
5053214,1.33038
6106080,1.66966
9160608,2.53032
2792019,0.696219
5629870,1.51183
9070129,2.48662
3589668,0.954338
5674345,1.51735
9949371,2.76802
6420443,1.72959
4349540,1.12546
1469999,0.361328
3641380,0.944978
7219,0.0012019
8209833,2.24966
4044465,1.04595
237956,0.0521232
7999858,2.16966
4445306,1.14954
2503120,0.628897
6475788,1.72411
3341105,0.853113
7447261,2.04112
3106599,0.786062
6106595,1.61861
2272366,0.572894
6074804,1.65467
5781683,1.54852
3911149,1.0126
1865665,0.461242
6278651,1.70082
7376283,2.0259
5215651,1.36028
4043244,1.08835
7298037,1.9767
1091347,0.2582
4196599,1.10405
375848,0.0864333
7711608,2.12184
1377196,0.333435
2973022,0.746318
3374672,0.866506
3850739,0.993423
8030839,2.21996
7686395,2.08286
2678947,0.676468
1829283,0.443346
6432181,1.72442
3800173,1.0004
7187167,1.91497
505549,0.116438
4480168,1.17587
7664824,2.05612
3956603,1.04131
4752125,1.25722
7284550,1.96065
8738879,2.39807
10084,0.00174398
5896675,1.59226
2811398,0.735378
8019023,2.18905
3789785,0.985524
7705910,2.10074
4558678,1.185
9740894,2.6757
8608844,2.39886
9309786,2.54845
9994320,2.75305
8699760,2.4136
4161327,1.08919
7797143,2.09806
956659,0.224578
3932394,1.00476
1207257,0.304506
5409118,1.45701
3483068,0.914918
1591634,0.387022
1727170,0.41833
5030983,1.31125
5707062,1.53922
8951299,2.45947
3833897,0.97272
5578431,1.4996
3291135,0.849199
9949652,2.8113
2709952,0.691046
6147904,1.65191
5750642,1.52963
9122428,2.51459
526606,0.119264
1320773,0.31383
348149,0.0756328
7574309,2.04884
9907544,2.74809
1850702,0.481523
4371326,1.17447
1510516,0.378732
5501872,1.46954
9797244,2.67698
328972,0.0734965
1041437,0.248627
3071065,0.78958
9741666,2.69616
1007972,0.237281
6323442,1.71198
8385620,2.29493
8881679,2.45465
4907382,1.29754
2535066,0.642339
6329847,1.72039
6574832,1.75744
7005796,1.88499
9813521,2.67982
2578591,0.647179
1027835,0.247029
139359,0.0283384
6158648,1.68026
5401915,1.45025
7876208,2.11541
4824354,1.28084
7269734,1.96559
3103126,0.815991
3189111,0.823007
2480043,0.640064
535373,0.120225
4012789,1.06979
7215040,1.97847
2990428,0.779476
1465764,0.365919
7866093,2.17999
2721261,0.690434
7543547,2.0732
8033900,2.2356
4531957,1.22101
6812661,1.83009
6098833,1.6691
4109559,1.06476
6788101,1.84198
8905678,2.49361
1831888,0.456647
31688,0.00599561
9081198,2.50889
8054036,2.16654
3512709,0.898896
5233464,1.39858
6106715,1.63582
9134998,2.51536
1487310,0.370856
9139595,2.55228
2635573,0.665103
6467301,1.74446
7772618,2.12682
5995359,1.60083
7081102,1.90908
5632053,1.52392
7236085,1.97895
881476,0.206667
5812431,1.53562
2814236,0.714864
79954,0.0159394
3282486,0.833628
5872389,1.55548
7708684,2.08298
7687155,2.08738
9349584,2.58949
842858,0.200423
9038609,2.51292
7584959,2.05642
3072806,0.785339
5990506,1.59295
2310483,0.581067
4034031,1.05985
3626521,0.948168
63652,0.0126811
4275067,1.11059
5582648,1.50003
7369674,2.04545
80610,0.0169848
8380043,2.2866
5468743,1.44795
1252559,0.296955
1165015,0.281866
1285826,0.310732
9608268,2.66677
8751310,2.41733
8693224,2.36631
4970734,1.30967
7424351,1.98587
9365184,2.64052
4993368,1.35115
5271621,1.40817
4846424,1.25661
4487987,1.1614
1737950,0.437842
3060599,0.78691
2435700,0.609511
6408247,1.70523
7313789,1.98923
191320,0.0397954
6438932,1.78271
2302911,0.597672
6921151,1.87289
1578781,0.383491
6686117,1.79197
1831020,0.455887
3102418,0.804793
1797231,0.456074
7293211,2.0003
3528630,0.900288
8470068,2.34317
8408835,2.34379
143493,0.0312338
7621380,2.07675
2345514,0.614239
9302804,2.55938
3365335,0.888324
858202,0.202289
9443720,2.57678
297942,0.0656121
9502160,2.61142
3624739,0.943124
5610975,1.53469
9807247,2.70688
1086223,0.268663
2240213,0.565191
5827394,1.57574
820195,0.194731
704363,0.163231
5361160,1.41763
2322486,0.588153
3270506,0.838888
5419571,1.49007
8570564,2.33797
3752271,0.983049
1761683,0.430037
6502367,1.79242
3948766,1.0234
8958908,2.53281
8771761,2.4396
4718282,1.26614
7029777,1.90216
5968550,1.62485
4483318,1.18307
8011910,2.21688
6821917,1.83815
9246816,2.56732
5035264,1.3324
5030653,1.35125
8779465,2.41609
6644799,1.78947
7329146,2.01031
9520907,2.62245
9931718,2.75562
6015688,1.60993
8357906,2.28017
303681,0.0643513
3983102,1.03033
1558473,0.394237
1152154,0.273386
9117615,2.52128
9786309,2.68204
6836847,1.84634
16588,0.00307906
3983476,1.06504
6267557,1.65861
5093425,1.33315
2267644,0.559608
3190116,0.814132
454945,0.103652
2258581,0.560498
4524650,1.21799
9741642,2.7268
2579702,0.651887
1449760,0.347138
3691023,0.954247
560425,0.129497
204638,0.0436592
8857905,2.42328
965106,0.22475
9013769,2.45786
2690686,0.685413
227336,0.0494116
5852915,1.57024
4054792,1.09942
1194534,0.29434
9896346,2.73711
5174584,1.38784
1657607,0.411936
4286712,1.14637
5516494,1.45697
8077811,2.21207
1828016,0.452187
3139329,0.798804
5260548,1.39342
1724516,0.426064
6999218,1.89172
9009311,2.53135
5687442,1.51351
138274,0.0276631
5757347,1.55476
747513,0.179539
5081548,1.41351
6315340,1.75406
6172014,1.67772
633187,0.14511
154885,0.0312064
1097506,0.264276
1125182,0.264114
5189870,1.37892
930311,0.224966
1569243,0.391659
5873836,1.6379
7107295,1.94352
8156682,2.24714
6689155,1.79051
8611735,2.39286
8317494,2.32592
1637216,0.412344
1854640,0.463317
988879,0.235252
6265718,1.71865
1527855,0.373704
1724880,0.429055
144183,0.0315027
6476561,1.76028
9562205,2.67611
2170655,0.544823
9688021,2.64401
1897790,0.467114
7631211,2.03424
1347611,0.316782
6040955,1.6084
3572537,0.933848
3837568,1.00518
8917391,2.44894
5133197,1.33816
511308,0.11274
3546643,0.928292
3439152,0.890596
4959944,1.28968
3028731,0.761819
4318324,1.12712
8261846,2.21574
3790325,0.96818
9226679,2.4973
6266929,1.67395
6759692,1.82091
3401878,0.888273
8106805,2.19142
402263,0.0916799
5959453,1.58106
2803415,0.721081
9107317,2.52405
4216468,1.10992
8799501,2.41508
5873508,1.56678
1442094,0.348093
893465,0.208074
1905346,0.465248
5394771,1.4182
4401919,1.14626
7072095,1.92864
4803837,1.27329
9826744,2.71239
5467776,1.45678
8628330,2.35669
3576845,0.908636
9418670,2.59642
8956919,2.46159
9831982,2.75897
7807455,2.13764
5215531,1.39907
3127435,0.799846
4992517,1.30116
9202964,2.54975
3374104,0.888098
2534300,0.633688
6045617,1.60388
951971,0.225564
7183445,1.96989
7854017,2.11191
5331743,1.40735
7016987,1.90636
191245,0.0416156
2856264,0.72169
926703,0.215441
6160557,1.68957
2885014,0.759465
3786384,0.983739
3412617,0.883874
7146677,1.93954
9566463,2.64181
366466,0.0850573
5296180,1.43375
2217325,0.562079
7301462,1.9768
1136163,0.281955
2897041,0.764443
4771349,1.28875
7700765,2.10133
3426496,0.879768
7684671,2.10153
4890935,1.30685
1815039,0.457373
6719654,1.82351
265006,0.05593
4042802,1.09162
894371,0.214551
82475,0.0162696
505599,0.11807
4656254,1.21252
8759976,2.4277
6854153,1.89474
9712292,2.67747
2826829,0.7384
7948700,2.18957
6264138,1.70512
1221961,0.294073
9385226,2.6099
6586055,1.76677
7377031,2.00424
4161685,1.12113
1520878,0.38941
5103345,1.38838
291435,0.0652747
8643971,2.37515
6636295,1.79745
9372745,2.62997
432273,0.0968581
7589047,2.13391
6726829,1.82834
6892356,1.86947
7106431,1.90798
744440,0.17808
6390785,1.73204
9235206,2.51455
3455668,0.889567
7813710,2.18123
4473846,1.19132
3646190,0.929134
2452234,0.607415
4495678,1.17197
3764455,0.968894
3520909,1.0136
7904939,2.45508
1939039,0.508607
6130544,1.75401
6972964,1.9455
4096785,1.07537
8451892,2.3655
7032895,1.95935
138261,0.0298347
7422936,2.06384
7315844,2.01322
734772,0.178244
3994723,1.05496
729336,0.171835
1930075,0.49597
7730036,2.15674
6532086,1.78588
2872342,0.750778
7902239,2.1955
8876339,2.46744
2054209,0.522808
5755950,1.55631
237509,0.0505775
9412055,2.57846
4195337,1.11998
1249975,0.305847
2317426,0.586323
4216478,1.10848
585050,0.13644
1641239,0.40369
4089548,1.07399
9052053,2.53331
6229957,1.68074
7611486,2.09517
4246261,1.13463
5282616,1.44267
6140675,1.69659
1550405,0.3888
8951081,2.51305
8197772,2.27964
7250570,2.00117
9011126,2.55901
2641154,0.706318
4409574,1.19342
3765901,0.997079
1237284,0.304664
5627294,1.54953
5838746,1.60653
3756411,0.994896
575292,0.136583
9763283,2.74252
4549466,1.22681
784945,0.185977
6485797,1.77014
2428972,0.625256
2901844,0.762366
4837060,1.32906
5016939,1.34131
3049509,0.790941
1994266,0.505101
5468161,1.47455
8193808,2.28571
761619,0.183152
8138151,2.28637
9887687,2.77336
2716530,0.704994
8712720,2.39571
6192923,1.68085
4367072,1.15708
2536550,0.652376
3803746,1.01074
7163193,1.98548
9734364,2.75218
7013129,1.93233
4262813,1.13714
4524431,1.199
8311275,2.31023
1994785,0.513179
6575092,1.83902
5514049,1.50288
1887413,0.486515
2190612,0.557653
8741988,2.45499
5382411,1.44965
9359345,2.67297
203293,0.0464213
5588448,1.59046
5245675,1.45544
1335362,0.331537
9369929,2.63082
5313004,1.44469
8866718,2.48714
2211352,0.574745
9090270,2.53459
5297075,1.42389
7140303,1.9613
8655178,2.46688
397836,0.0900831
5101220,1.36729
4518321,1.19733
3510568,0.928302
4005294,1.04434
8871436,2.48492
6437588,1.76483
9654969,2.70854
4906764,1.34402
237580,0.0504755
2317747,0.588024
2684633,0.692778
6110051,1.69344
6838357,1.86781
6191427,1.67852
8171230,2.26385
5370813,1.45151
767750,0.17938
722314,0.166416
671529,0.161316
2949251,0.774913
5205441,1.39717
8765687,2.44596
3652759,0.96186
983494,0.2421
4318987,1.16855
1677310,0.434503
9013657,2.52212
6652165,1.81336
7925824,2.2288
7454986,2.08747
6367868,1.79362
6287137,1.76305
1193491,0.290998
5287783,1.46341
61228,0.0122654
8861921,2.51097
3065348,0.791402
2464888,0.647595
5787549,1.59362
5294074,1.45025
9185624,2.56611
9456962,2.63765
2500862,0.640622
7846225,2.18345
5209316,1.40745
4242842,1.1376
1492850,0.38251
1023574,0.251591
91237,0.0179384
3381061,0.890827
7219479,2.02731
5359106,1.45782
5924508,1.60326
3187578,0.844816
2848279,0.762785
5352125,1.47205
9319700,2.61264
5794348,1.5931
2688778,0.692834
1547233,0.388177
8642831,2.42034
2707622,0.686585
5809991,1.56055
8717419,2.43422
9608889,2.70207
6193634,1.71844
7278030,2.10789
4769819,1.32469
67498,0.0139211
7488451,2.18395
5719980,1.60902
3994194,1.096
2044643,0.534646
8436795,2.42637
5595221,1.53106
1936635,0.48609
5681739,1.54928
3470236,0.930091
6569877,1.80505
8904113,2.48258
1360952,0.345774
8283382,2.32171
8805721,2.44108
2106246,0.534585
8190727,2.29863
3545965,0.92788
4486306,1.21894
7429550,2.06378
4648709,1.2489
3613147,0.952629
6589158,1.81027
3416670,0.901285
3186631,0.861819
7601529,2.0903
9100801,2.60367
139141,0.0306758
885657,0.220416
2429754,0.659452
5954933,1.68076
8420119,2.3994
5508435,1.49905
279219,0.0641705
8254566,2.39926
1512196,0.395435
7423493,2.11337
5736757,1.55764
9731825,2.82511
5059266,1.41388
7777360,2.22089
2912126,0.76425
587344,0.136631
1103264,0.278404
1850758,0.48415
1632249,0.422941
6498836,1.85511
6869369,1.96083
7502605,2.0779
9078691,2.62649
7764935,2.24445
6671813,1.84718
9930257,2.85839
2763943,0.737695
8700422,2.49248
8937075,2.53049
6866261,1.97239
2316324,0.620592
5441867,1.53219
2663940,0.686443
4967843,1.3395
7492133,2.08597
1153030,0.287528
9050699,2.52192
5400233,1.47454
6284088,1.72601
2578635,0.68074
4166111,1.13205
3974734,1.0583
8426996,2.35203
9310738,2.62782
734211,0.179278
436106,0.101165
2590318,0.683028
4747134,1.29063
8480629,2.38278
8055173,2.23211
504887,0.117626
1654993,0.432854
2824062,0.740368
4221559,1.14893
761790,0.189098
1930430,0.494099
522487,0.124209
9745283,2.78094
8027334,2.29987
2670298,0.702444
2257910,0.585095
6505595,1.79707
4381490,1.17731
4133225,1.13645
3124435,0.821349
4345931,1.16788
9940912,2.81776
9238998,2.6109
3560514,0.952998
1724712,0.433522
8147318,2.26837
3924205,1.04416
7865165,2.2355
2987132,0.781593
6572157,1.83361
2050863,0.530533
6499892,1.81318
9182996,2.58168
8791418,2.45925
8372205,2.36246
9691587,2.75174
2338373,0.604407
7694985,2.13018
5129678,1.4008
1858703,0.473494
2854508,0.754486
3906859,1.06744
7756468,2.16296
2596633,0.674247
2645141,0.678911
1988696,0.502028
660143,0.15848
9784371,2.77205
4716824,1.27923
8045587,2.30208
6813369,1.8964
375762,0.0875881
6579006,1.84327
2656866,0.701126
421634,0.0994756
4388357,1.20856
6200131,1.77398
1591565,0.404699
9283886,2.6019
5601379,1.53937
2677464,0.701453
9312892,2.63686
8082434,2.30413
4289313,1.19439
7032991,1.94925
7039322,1.95508
8025625,2.22403
8322393,2.31845
2459402,0.647735
6033908,1.6873
8860413,2.48102
6551488,1.80952
4697800,1.27353
4010431,1.05956
1107555,0.27136
4832696,1.34217
1624438,0.418794
1243377,0.305758
8784470,2.45857
6586170,1.81742
86345,0.0170557
324144,0.071451
1911422,0.493798
3820904,1.01776
114950,0.0230729
4409436,1.17063
2930779,0.774844
2168617,0.567276
5503249,1.51154
4302244,1.14107
6644611,1.81722
7115326,1.99262
2049130,0.519215
9740006,2.72763
3692951,0.976888
3594049,0.94347
3339949,0.887019
2299183,0.58893
3053347,0.794957
6739769,1.85671
5650254,1.55761
4553574,1.2295
2400466,0.619486
6870752,1.91373
1320899,0.329026
4683236,1.26428
7047871,1.96233
2681789,0.708007
3347785,0.924997
7952429,2.22678
9028702,2.59503
9117956,2.6084
6075504,1.66673
4179274,1.11263
7406239,2.08979
8078134,2.2432
6835149,1.89447
4242965,1.17432
2727696,0.703053
9742216,2.71121
2054862,0.528194
7305505,2.0085
7557160,2.09842
7630226,2.09979
3727028,0.97759
1553795,0.393723
3306728,0.878179
453743,0.106057
9637911,2.7205
7011430,1.96125
4870923,1.33293
9268558,2.60114
8670668,2.44588
1350030,0.346226
7158641,2.04802
4253010,1.1779
2888526,0.775529
6378331,1.78247
7804124,2.24028
5927465,1.62053
8293737,2.31752
6544982,1.83245
8109886,2.2573
4457398,1.19716
5928714,1.62316
5327296,1.46852
7392761,2.0609
9123429,2.57968
767409,0.187302
1036955,0.260857
8294606,2.34811
5309409,1.47016
941424,0.230756
4216895,1.14526
8336699,2.32261
9900865,2.78145
4729014,1.25963
5737045,1.57615
6129793,1.72075
2160139,0.552697
6617183,1.85006
3210614,0.839344
3264849,0.872202
4854093,1.33953
5858989,1.60187
2963353,0.785483
6964510,1.92882
7251171,2.01597
6760136,1.93605
3978782,1.09798
1644840,0.429793
8104781,2.34395
9773835,2.80306
2216538,0.591281
4342611,1.20392
5795574,1.64619
3900935,1.06296
7818757,2.19556
1487395,0.380491
3063047,0.823713
2693319,0.722499
2519674,0.668906
7964378,2.29165
720884,0.174268
2594439,0.696474
7527050,2.15128
8104422,2.33262
5937021,1.65653
3547860,0.939172
6871647,1.94736
2235383,0.592089
9652600,2.80266
4263801,1.15169
3136587,0.840763
925263,0.233162
1701969,0.444252
4106851,1.12799
4826301,1.34759
287820,0.0667489
7622346,2.18967
2531915,0.663636
7702664,2.12356
2656273,0.689928
9839477,2.72598
6313787,1.7169
9593800,2.69599
2495430,0.6548
5249107,1.40723
8963873,2.48471
827100,0.200467
6850014,1.88666
4916550,1.31653
539732,0.125643
2713451,0.70128
4180812,1.119
3483864,0.936054
6103644,1.68327
1329750,0.32973
3187793,0.851417
3241726,0.844263
7417915,2.04355
3748684,1.00095
1811016,0.457105
8561815,2.38171
7008775,1.94309
7214170,1.97561
3264373,0.855229
2316905,0.599573
7029011,1.9195
8588830,2.41188
516144,0.11914
2472830,0.670852
3602246,0.967428
5657286,1.54447
7249939,2.00251
2657916,0.704218
1868303,0.476843
7791179,2.17963
9421086,2.66681
8311994,2.32299
2231790,0.578138
9522976,2.72001
9838804,2.7453
9927536,2.80922
6429202,1.77219
1604058,0.407151
1439400,0.364678
2807355,0.731502
1317351,0.328751
9259272,2.59585
9903647,2.76174
7419791,2.07689
2827912,0.73765
3347409,0.890574
5726951,1.54198
1615547,0.408772
9351436,2.66401
8778496,2.46648
7377618,2.03353
9339704,2.61081
2204724,0.573655
959271,0.233809
1940554,0.496035
6221750,1.69564
3470382,0.913627
9292315,2.59119
2154696,0.560412
579217,0.139637
8315862,2.33347
6085766,1.67385
8495773,2.39737
5227628,1.42913
6617152,1.87448
1807674,0.464801
9432882,2.67821
1823513,0.463305
4892758,1.36712
6085002,1.67113
8107072,2.25593
2972043,0.784952
3365896,0.883646
7821075,2.19348
3300805,0.883403
3929175,1.05319
8288903,2.30507
679251,0.159394
8315698,2.31938
5583675,1.56182
6149298,1.74071
6561469,1.82353
8569188,2.3971
6635761,1.82253
8528507,2.39569
7542774,2.10095
9651431,2.72309
311109,0.069191
3503703,0.929883
6015897,1.68467
5783065,1.59525
5005121,1.3827
8795921,2.49593
3762735,1.01678
5558284,1.53533
4557269,1.22832
9262439,2.63714
9429040,2.71542
7833678,2.22514
8941246,2.51589
6328091,1.75905
8332407,2.35241
4520684,1.25343
6927279,1.924
2897880,0.773631
647775,0.161563
6918449,1.92587
8748598,2.47903
8489830,2.38674
8363872,2.35673
6347193,1.77536
9667593,2.7634
4681559,1.26378
5778418,1.61681
3739081,1.02055
1275702,0.315139
5164917,1.42847
8721362,2.45998
7782273,2.19457
416335,0.0961459
1628550,0.409948
8826996,2.52597
663551,0.162463
1296335,0.325418
1136952,0.283117
5139651,1.41181
5301564,1.48924
2056892,0.543099
7926403,2.23744
5755905,1.58922
3560932,0.961877
504858,0.120658
8172544,2.3032
2517396,0.659509
5367745,1.47704
891911,0.2163
8061600,2.2752
3094655,0.8315
1347536,0.337171
7432383,2.10861
9832760,2.90908
7389206,2.14007
1722580,0.459312
6963488,1.98263
3985986,1.0939
1222761,0.311057
9618284,2.76341
1564944,0.402034
2632253,0.689414
9297365,2.64884
2256011,0.588864
5423513,1.50614
758586,0.182471
6530210,1.83562
5364588,1.47476
6180429,1.71035
6312354,1.7204
9872227,2.78189
4097356,1.09661
702196,0.170057
5454311,1.5134
1356073,0.334885
5595928,1.53535
629349,0.150106
7655159,2.14838
7524958,2.08673
4295393,1.15025
7430833,2.08702
4424589,1.20845
8352607,2.36472
5009608,1.40468
3662019,0.998336
6282138,1.78047
8709613,2.47088
4496369,1.24764
8366440,2.42627
9769802,2.80217
8780724,2.58106
3654629,1.00629
7189304,2.12345
486287,0.118269
1882474,0.496916
7784123,2.2806
9538947,2.7928
9328324,2.66639
9246068,2.85915
5775884,1.61123
1200636,0.301562
564890,0.143568
6703494,1.86885
253715,0.0563446
5995654,1.67725
4175940,1.14505
5991395,1.69752
5318714,1.46239
4202329,1.11571
1614231,0.404591
628609,0.147168
4719429,1.29282
3453082,0.913859
1786336,0.45517
837979,0.204487
7010615,1.94205
828234,0.203799
2204164,0.572759
59287,0.011625
5796930,1.607
4975475,1.34914
5357092,1.463
3415964,0.911903
8810597,2.47108
9045079,2.55813
6290175,1.75726
678400,0.166142
598724,0.138905
5145512,1.39273
9619052,2.74091
4501190,1.20484
6231339,1.72192
3217901,0.853028
1454915,0.370412
9030965,2.58761
6314750,1.76931
4234828,1.14125
1481706,0.375354
4505360,1.23094
2651099,0.69649
9787795,2.81063
3254594,0.868012
2263281,0.59343
4653771,1.27287
43992,0.00871811
2993010,0.796831
662018,0.159737
4554511,1.22775
4010731,1.07831
3061256,0.812952
2483798,0.643013
682528,0.161516
8651202,2.45949
2669876,0.709478
8295294,2.39032
3910941,1.03938
5811153,1.60082
9667685,2.75119
7142082,1.98416
4918429,1.32317
9843085,2.81579
3433879,0.909986
9361156,2.67489
4428647,1.22092
1699849,0.428659
2707547,0.715093
9108541,2.57558
5713437,1.57875
5111776,1.39524
856361,0.207331
4754540,1.28673
3062042,0.807582
6455293,1.78031
5093067,1.38248
5837186,1.59133
1916124,0.489503
1704243,0.426258
7211569,2.00838
8022763,2.24647
7709838,2.16874
5276190,1.44067
3895131,1.02888
5395940,1.46186
858331,0.204045
6789364,1.88904
5069196,1.37572
4767894,1.30523
9880830,2.78622
3036380,0.803234
2652446,0.687245
6054171,1.64565
965833,0.23422
6962993,1.9408
549287,0.127232
1545274,0.380322
9691175,2.99186
1235202,0.360326
4979697,1.5969
6306355,2.04772
2821311,0.869659
6509991,2.11868
745319,0.210416
5718474,1.83732
7947259,2.60414
5247130,1.70207
1484611,0.44084
8470487,2.8076
7951885,2.61162
8282347,2.73693
3719585,1.08396
7268825,2.02418
9821237,2.80606
5955188,1.64994
7888189,2.22919
9470510,2.73868
4908894,1.32984
879987,0.216332
6038494,1.66279
7167280,2.00454
3386535,0.921186
8262167,2.33286
8792751,2.48979
9793528,2.77825
6398247,1.76261
9869074,2.86048
291987,0.0682108
3718463,1.00367
4105528,1.0968
8028933,2.22861
984295,0.240282
9391910,2.69453
9780681,2.82088
2402975,0.62661
2904321,0.768918
8442721,2.42078
1476534,0.375054
9739165,2.75968
6196529,1.71663
5922400,1.66167
3236167,0.859236
2446940,0.626211
9232593,2.60325
9774061,2.75542
2871880,0.753744
1323104,0.32546
9578236,2.72554
9242301,2.61697
6934109,1.93822
8940864,2.54561
9983222,2.83015
469933,0.107922
436908,0.104434
6393213,1.78009
9707074,2.74873
7299246,2.03942
3133586,0.814355
7351653,2.04189
7282395,2.01065
1935734,0.48928
5394635,1.46139
4265109,1.15326
5172302,1.42958
9668532,2.7208
886309,0.223296
3727433,0.976655
6559538,1.85862
9907321,2.80886
6998384,1.93791
3589470,0.955234
3950809,1.0428
6226885,1.70574
1094173,0.270279
7940773,2.21237
7994031,2.2447
3916598,1.05252
5864688,1.60706
2985303,0.776439
6500160,1.82157
1321532,0.332214
5984785,1.68064
8463177,2.41514
2598540,0.674729
4718066,1.2832
1243420,0.308812
3846964,1.04656
7375783,2.02556
4611436,1.25542
5106390,1.38209
5440998,1.47381
3550720,0.94945
8260613,2.36822
4538992,1.24763
5894576,1.6574
9561794,2.71178
9056138,2.62265
3696560,1.01461
2711040,0.727841
4474014,1.20515
804486,0.196247
6482789,1.79154
5962023,1.69369
3135686,0.849918
5539090,1.57841
2575758,0.687995
6453828,1.79939
2691986,0.692685
7776205,2.17215
8230695,2.28174
4859412,1.31182
2473658,0.671275
1019353,0.257237
2787520,0.733291
9335548,2.68788
6110396,1.66916
8852506,2.50343
834950,0.204507
7187941,2.02207
9390349,2.62465
9934133,2.79317
3114255,0.814202
5585724,1.53335
2426922,0.628633
3937339,1.06852
1931339,0.507907
4248471,1.14597
3266896,0.873011
8713027,2.40014
9534073,2.68095
2317938,0.60002
5808144,1.60383
3606007,0.973207
4314814,1.15743
2632570,0.671981
5362568,1.47168
3616311,0.961456
2333163,0.601887
6033211,1.6483
6465186,1.75192
5671289,1.58047
8546066,2.39001
5215009,1.41932
5621855,1.54155
7506192,2.09651
411484,0.0974082
3781167,1.02164
5820539,1.61199
2099981,0.550203
3754635,1.02081
6132289,1.69199
9417371,2.68928
3526068,0.958628
8774632,2.48345
3729105,1.00135
5351175,1.46471
6844288,1.90131
7109853,1.99663
4860012,1.34731
9350039,2.62301
417800,0.0977781
692225,0.168886
3641469,0.97302
9066775,2.60979
6602805,1.82454
1907693,0.484725
5175231,1.42578
2418742,0.63372
4995273,1.35577
949035,0.23535
8994053,2.53788
8000602,2.24165
9603860,2.74865
6725792,1.86117
547235,0.127313
3253628,0.856844
4438993,1.21891
4016199,1.0648
3672460,0.961908
3596347,0.945153
5666521,1.56663
5138261,1.37676
2036129,0.518024
9517002,2.67606
5052303,1.36695
6730064,1.84648
1618582,0.413932
399987,0.0918439
7424273,2.0843
6778019,1.87019
5375039,1.44983
8104310,2.27432
5806773,1.59563
9088783,2.56948
5206373,1.42166
2593087,0.677731
6582032,1.88464
2118838,0.541799
5113493,1.43844
4045247,1.09618
8278496,2.33916
2864959,0.759067
6719290,1.87974
9589091,2.70288
707831,0.162728
125032,0.0267737
3367393,0.872904
2348516,0.611295
642287,0.152507
3725283,0.992058
5360136,1.46064
2886813,0.758866
7368065,2.0745
775073,0.193932
6652821,1.84667
8254290,2.28121
5321818,1.44731
5903038,1.63524
3937004,1.06791
8385461,2.37023
8134475,2.27576
6366930,1.76889
696673,0.169704
8201662,2.27824
6383958,1.77017
9277048,2.65667
3244009,0.847785
2942617,0.769464
6226205,1.67885
5851018,1.57705
1982513,0.50626
4533664,1.19452
4789312,1.29082
4648733,1.25408
9277184,2.61881
7411358,2.04154
3277711,0.861268
6316841,1.71588
8411958,2.33408
6845548,1.88684
2079946,0.519431
4781356,1.31915
948823,0.232153
9504551,2.67746
1866019,0.468448
1466959,0.373274
3704900,0.977313
4410946,1.18948
2102492,0.536611
3720274,0.974551
4652284,1.26317
9472922,2.63763
5211934,1.4116
8808739,2.45535
1844498,0.460204
1855966,0.463442
2395139,0.613914
7063192,1.93599
572116,0.135593
7274413,1.99692
428206,0.0987804
6467758,1.75799
5021911,1.3448
4522813,1.21484
7844645,2.16001
545248,0.128597
5396120,1.45703
9279323,2.60169
517835,0.124544
477471,0.110323
1379007,0.350351
6584617,1.80718
343591,0.0764516
8891117,2.48068
8086379,2.26017
28109,0.00540841
9909610,2.78598
2500064,0.636018
7627868,2.11303
5659919,1.5768
7077226,1.98939
8013921,2.33145
6713855,1.90531
353184,0.081806
6024918,1.7134
4901941,1.36475
6654313,1.88477
9734945,2.76414
9634902,2.7114
8996313,2.5537
5187353,1.40431
3021792,0.790593
3990253,1.06579
7477256,2.05732
2918497,0.751417
1675252,0.423144
1801978,0.451483
8152880,2.24249
3158453,0.838862
4679907,1.27458
2007301,0.514479
8379663,2.32925
7977357,2.21076
7345977,2.01928
5165261,1.40974
1008134,0.247536
3300874,0.866724
4556232,1.22414
3578421,0.94737
2924976,0.768276
2889849,0.774665
1946236,0.515751
9354200,2.70995
756634,0.189305
838382,0.213239
4894062,1.34251
6009659,1.638
2587328,0.703891
6225576,1.76687
3438124,0.931916
407351,0.0958447
2756178,0.740981
5259328,1.44205
6118569,1.69957
7009516,2.00068
408634,0.094189
3112356,0.847928
1102529,0.280279
2208077,0.580329
1360872,0.34974
4400122,1.21109
3271564,0.865358
2789386,0.739156
8616496,2.60573
6240176,1.74917
5602751,1.54238
1663930,0.415957
3738456,1.0179
7707509,2.21166
3546897,0.975343
4291179,1.17705
3975387,1.05901
6299412,1.75184
6678464,1.89043
381631,0.0883455
6813609,1.92747
7219348,1.97298
9266525,2.5695
2790034,0.737769
2596851,0.673151
3976106,1.04046
8089896,2.23531
8435610,2.36327
8058057,2.2213
3461325,0.905372
8349211,2.32419
4794310,1.28158
1499304,0.378029
362905,0.0825347
1274190,0.308596
5712030,1.54845
9993657,2.8327
3835857,1.15265
4162081,1.32995
3456660,0.935586
2021223,0.498545
4955914,1.31029
3679250,0.936091
9991082,2.74511
5558430,1.48008
1473008,0.35726
2899582,0.735866
3363779,0.862396
2461630,0.627059
9134366,2.52642
5208575,1.37898
7442128,1.98517
730866,0.163502
5149281,1.3518
9067536,2.41923
6685161,1.80286
5265209,1.4112
5715155,1.52089
3473267,0.891443
2149278,0.528888
7602913,2.04956
1100614,0.268626
8605301,2.33835
9583030,2.61292
997373,0.233251
5515892,1.45249
7360155,2.00959
1720496,0.434759
9191418,2.52972
2456987,0.607577
8116861,2.20718
7023067,1.89191
4455747,1.18183
8324030,2.27265
1531367,0.376936
3289904,0.865244
8558315,2.31587
9231197,2.56459
1773652,0.451516
952345,0.235317
9181327,2.58501
4793474,1.29834
9442415,2.59205
7795880,2.12861
8929946,2.46587
3030619,0.775591
9393995,2.65437
9900927,2.75649
8419657,2.34055
1763642,0.453129
1643678,0.425166
8357228,2.34034
9092074,2.5409
1514229,0.364447
1132087,0.2727
8052361,2.26552
2862998,0.762055
1192589,0.293097
1743829,0.435584
3903300,1.02875
6195876,1.68817
1769942,0.435062
6769025,1.86647
249418,0.0529371
1634775,0.402756
7096711,1.89632
219113,0.0455808
3608668,0.926949
9764872,2.65568
6634761,1.81187
2658485,0.668233
2572506,0.646163
4629155,1.21005
5509675,1.46457
4864921,1.30475
2731565,0.694757
9616368,2.62182
3824141,0.982049
3057304,0.800623
4598070,1.21028
7084119,1.91331
9255006,2.53117
2849784,0.725807
3651747,0.938989
2193620,0.546036
8445071,2.2855
1120555,0.268116
2086221,0.517119
5336154,1.41027
5502166,1.47071
1113427,0.273835
7422779,2.04845
535979,0.124531
8635548,2.5051
7993409,2.17572
7622713,2.03925
9307945,2.55224
3343983,0.87909
1119261,0.273771
376958,0.084978
2915708,0.749755
6867736,1.83757
3378548,0.881675
6530197,1.7588
1112213,0.263201
2301489,0.574218
5078600,1.33632
5192100,1.4093
9574098,2.66346
8036990,2.18391
9178761,2.49904
2029033,0.532371
9767419,2.67505
5064626,1.33325
6094576,1.64729
5082509,1.33238
7325388,1.98092
9567866,2.63759
1695353,0.431484
7971666,2.16347
8735646,2.38115
6087431,1.61233
8608848,2.33715
8751541,2.39934
1306261,0.324463
5039539,1.32428
2532714,0.65651
5577880,1.47805
7722124,2.12327
1560117,0.385349
1480543,0.360634
730437,0.173401
1371751,0.331657
3116564,0.795944
7950237,2.15487
3687412,0.960664
4078961,1.06754
4483151,1.17754
4195117,1.10366
3729487,0.959618
7076605,1.92405
2413438,0.61102
5145772,1.38151
9306941,2.55657
1107904,0.264597
5837801,1.54718
9775988,2.74272
6581369,1.86204
4259705,1.34894
2106844,0.639317
2919873,0.90305
8044305,2.64395
144263,0.0363289
9675627,3.1368
1622578,0.404268
8633673,2.3973
8799288,2.42876
716044,0.169781
9271811,2.59042
4550796,1.20579
5334340,1.4551
1135495,0.284514
9557321,2.6875
5432279,1.48957
661057,0.158205
3041421,0.815919
8978141,2.51631
9254695,2.57912
2431836,0.626529
8257265,2.36672
7288340,2.0892
2390076,0.642057
5628774,1.55337
5126455,1.41117
6993367,2.01129
7197253,2.05497
2283743,0.601529
6349146,1.73262
1191751,0.301071
2215740,0.587522
4705135,1.31038
3440954,0.942327
9604797,2.78344
8128429,2.32261
1001087,0.251791
9326025,2.69611
3221349,0.877408
7320443,2.00315
2282332,0.61534
264563,0.0609412
7942131,2.29684
2416573,0.64754
4881815,1.36446
8363516,2.31572
4758926,1.32331
7377014,2.08382
7288665,2.07197
1155542,0.288278
7366640,2.15171
8886327,2.5926
1336836,0.345717
5932609,1.65741
1618097,0.399988
5859138,1.63111
5150164,1.45326
1667692,0.463779
7864905,2.26651
5709414,1.56328
2329877,0.603499
3597222,0.969709
369405,0.0892676
147301,0.0318692
9869852,2.76731
8633478,2.39836
5375444,1.45655
1340956,0.330642
8632468,2.4472
7279233,2.04086
8917837,2.50473
2450490,0.636834
1599788,0.400957
8207518,2.27758
5703452,1.55323
6757172,1.86558
5979564,1.64707
5538570,1.52613
2710937,0.710919
6480905,1.78289
8990269,2.50462
5946415,1.63817
7831480,2.16781
2414545,0.61944
4445102,1.20675
9651091,2.71891
5156279,1.39259
3699097,0.977206
2868412,0.752243
7763389,2.12518
9311254,2.60814
3156091,0.811915
5119825,1.38477
8107446,2.26811
4803498,1.28122
553545,0.128525
7413226,2.03856
664436,0.156284
4206280,1.12146
1277101,0.325976
3784390,1.00035
4810662,1.29139
1030457,0.250911
1851535,0.474462
9775223,2.77116
6651084,1.81794
725459,0.175642
459087,0.10945
5908990,1.60763
8269320,2.29743
4169288,1.11265
9733370,2.77896
4885553,1.33554
6422234,1.78689
8108525,2.26624
3263917,0.863825
9373452,2.66287
5972154,1.6565
7759228,2.18476
9852276,2.78672
1434503,0.358588
485329,0.113534
9340851,2.61112
7336401,2.0106
7976474,2.27025
7317772,2.05965
7928854,2.21614
5576473,1.51597
9146023,2.55396
3872542,1.014
8248955,2.28518
2438167,0.621064
4822789,1.30653
5227581,1.41817
4724955,1.26632
180252,0.038126
4818750,1.30678
7703009,2.15395
8663882,2.42088
9249477,2.59363
5448633,1.47931
9428338,2.64823
5673818,1.54535
3701605,1.00195
667147,0.154284
255803,0.0564908
432421,0.0981132
320420,0.0710675
5260909,1.42521
7843830,2.15664
8475104,2.39938
8254043,2.34905
8185786,2.27936
9538269,2.72178
9366474,2.67477
726928,0.178397
3741451,1.00924
1135907,0.292282
1558443,0.402303
5021910,1.37569
2414640,0.633075
1943913,0.495947
9011074,2.56459
6603698,1.85299
8849689,2.47108
5587456,1.51245
9284295,2.60469
9351232,2.63761
4777919,1.30705
5175355,1.40908
1792928,0.453918
3251810,0.847379
4312400,1.15578
2886022,0.751429
7741505,2.14231
9542743,2.6859
6215685,1.71192
5037933,1.37296
2254719,0.581064
8550940,2.40988
5636284,1.5125
8459028,2.35865
3388683,0.88588
248667,0.0568624
9183188,2.56548
4104011,1.09476
5119397,1.38554
3111925,0.825897
9387468,2.65629
9927906,2.81868
6134186,1.67489
478344,0.109553
6284191,1.70946
849466,0.202155
6049405,1.65479
5661267,1.54083
2448007,0.629829
1796597,0.453125
9380973,2.74958
3257845,0.888289
3318956,0.914393
8528568,2.44979
2755099,0.736185
6397258,1.80898
5409887,1.50512
5981,0.00100055
8558522,2.39948
781987,0.190553
2096434,0.539652
1194492,0.296577
2696160,0.702263
4321963,1.17601
909650,0.228656
3301497,0.869321
9186359,2.58338
192747,0.0422156
7731998,2.15507
7559694,2.0781
6886350,1.90032
6866869,1.89726
3614006,0.969995
4015332,1.07784
4693010,1.27965
8411739,2.33125
3464261,0.907806
2155413,0.540955
5531925,1.51098
4063377,1.08197
613442,0.144815
2170028,0.558491
8296861,2.29229
5796041,1.57334
9706340,2.82209
6541691,1.86503
3261765,0.871927
9696797,2.74476
1216595,0.310781
8507642,2.45338
5250591,1.46265
2729756,0.702259
5349531,1.45104
9121241,2.63107
2455235,0.652528
163497,0.0361781
5104824,1.42397
1184947,0.290764
3305105,0.906605
1857797,0.471852
4317742,1.17612
5302460,1.47644
9532300,2.76074
3808163,1.00572
6886936,1.92943
7801380,2.25176
93807,0.0210703
7749426,2.19658
8268492,2.32748
1899154,0.502567
6380445,1.82054
3628972,0.997444
2254916,0.599633
8830556,2.46345
6683521,1.90392
724957,0.177968
8507441,2.46964
7247072,2.02288
1655946,0.421825
7450081,2.0712
683905,0.167705
1918208,0.497974
1060918,0.264428
9013140,2.54233
880698,0.215697
8847373,2.45147
626251,0.145704
2286860,0.583914
1145584,0.28035
1549318,0.385675
6156370,1.68968
9192357,2.57372
9357250,2.60227
6225302,1.71069
7092495,1.94941
1268164,0.321699
1368401,0.337123
6234195,1.70532
8707691,2.42556
5629925,1.51814
5733060,1.55888
2150567,0.549198
418926,0.0969956
2948794,0.76889
4723876,1.27414
1919899,0.494019
5632928,1.54817
178163,0.0395856
2686085,0.699389
7199123,1.99627
1274044,0.315494
756218,0.184976
7234721,1.98661
1895320,0.485714
1789911,0.457016
2429173,0.627905
2226564,0.569356
5674735,1.54053
9230859,2.56965
6301551,1.72611
2235115,0.573286
1934699,0.495359
6022157,1.6354
782094,0.187522
2482258,0.641994
9055642,2.56657
2415183,0.624427
9062223,2.52821
3634822,0.955741
6068490,1.66137
4553523,1.21731
8109320,2.26806
9135123,2.53184
4339506,1.14886
6970195,1.91081
6407587,1.73496
568121,0.131527
896091,0.215065
1070183,0.261769
7879989,2.15684
7840167,2.1638
7783302,2.1508
9398016,2.64061
2173823,0.554856
4450676,1.17562
9715121,2.71832
4479944,1.20244
8919212,2.53015
1903692,0.498994
6160212,1.67894
3584027,0.937785
5460728,1.51129
8660780,2.44021
4545363,1.21301
1799395,0.453023
6094996,1.6897
9779254,2.74036
1369728,0.348424
3336388,0.909137
3704985,0.976056
3252313,0.857354
3353086,0.89072
7422626,2.04519
2201878,0.577926
8930124,2.51255
3536132,0.937578
2613587,0.674484
9129925,2.56133
6298253,1.71781
6070168,1.6362
8223432,2.26516
4910852,1.31572
5540686,1.50092
3282425,0.867498
8245729,2.27952
4628838,1.24721
5168362,1.39094
208447,0.0456584
2476635,0.633961
14141,0.00247064
5089960,1.36141
824020,0.196974
8826079,2.45582
3232080,0.843459
1921788,0.483586
9442859,2.64855
9957399,2.8228
6200314,1.70055
2532230,0.659486
7531571,2.10636
6765399,1.85014
1556586,0.391663
1970848,0.508228
1334633,0.337669
8326893,2.30934
1043809,0.255451
8303161,2.34791
673541,0.160137
763179,0.182192
9539462,2.70132
6976135,1.91217
7725048,2.21008
332662,0.0745247
308108,0.0685818
9662494,2.72299
5358503,1.46209
2979096,0.77605
1541647,0.386739
144031,0.0311825
9589937,2.69203
2562633,0.673384
357315,0.0822959
5011481,1.34884
6354244,1.76666
6035393,1.66095
2690123,0.711505
8723324,2.43295
3696287,0.967023
1901088,0.481848
4927706,1.32832
3792671,1.00385
2737225,0.711647
7177135,1.96972
3177052,0.839338
6821306,1.88332
187730,0.0401096
5556205,1.53052
1859487,0.480066
6879828,1.88587
533434,0.122503
1911213,0.477161
2535154,0.65523
1725815,0.438884
4546535,1.22752
5567186,1.51498
8622794,2.39975
5895889,1.6173
5935950,1.63865
2560643,0.665336
5565110,1.50266
4803655,1.2892
2447729,0.634717
4576993,1.24176
7558930,2.09057
7221524,2.0123
9733178,2.77355
6076186,1.67666
2239911,0.564923
1455869,0.358088
4122874,1.09692
3646208,0.956575
6924540,1.93107
8320438,2.32645
3496109,0.920376
3542139,0.932398
5203016,1.41438
6343276,1.73654
1797290,0.450121
7451291,2.07577
1010875,0.248932
8053474,2.23258
4824659,1.30741
2498141,0.655593
2716559,0.71623
6642758,1.82622
4000224,1.08529
1188912,0.299603
4240584,1.12069
6957775,1.9048
4029554,1.07751
7802544,2.17013
9542501,2.65429
6311794,1.71356
5299591,1.42073
4185145,1.12297
9071128,2.52679
6703606,1.91951
1834191,0.493185
3660459,1.01179
8993925,2.53657
341871,0.0767577
9460136,2.7454
8294464,2.39132
1690982,0.438074
9874242,2.82865
7775018,2.25349
4024713,1.10931
4715174,1.29104
7054139,1.97684
6177239,1.72959
2737007,0.712409
4985976,1.36434
7371318,2.05639
7514280,2.07312
299206,0.0685223
8147321,2.29319
9718879,2.72472
8174711,2.27369
6135743,1.69389
4798694,1.33552
8888249,2.49214
1284414,0.318366
6757555,1.86092
6053750,1.63159
1333459,0.326776
9437869,2.63608
9526339,2.67869
1014688,0.243644
903901,0.219735
1104021,0.267878
3734210,0.980746
6121126,1.68005
1989918,0.503489
7129629,1.97534
1317569,0.328942
733959,0.171538
7686160,2.12226
6728831,1.84343
8489943,2.36109
1505237,0.383881
4501960,1.24209
2480896,0.644195
3756275,0.988242
7823527,2.16481
7391047,2.06753
1164175,0.281948
1978112,0.506799
988027,0.240256
5900654,1.62026
7464634,2.05306
8062475,2.26537
2143678,0.54995
9702289,2.75244
5992868,1.61862
4667914,1.23888
1965488,0.507541
7550999,2.08041
1667886,0.434438
1842472,0.479348
6379276,1.78562
4681390,1.26173
5292772,1.42326
1220642,0.303692
4310193,1.14234
8773864,2.44257
8422466,2.34108
7010994,1.95205
4994402,1.35599
6344499,1.73938
6677704,1.85399
4834033,1.31349
9426007,2.63806
7734404,2.15735
2913701,0.749108
1069545,0.26563
7042105,1.96427
870638,0.210372
9370597,2.66081
4352324,1.15549
8206917,2.30314
6181643,1.67694
2135999,0.541555
4114831,1.10535
7044677,1.92918
3345126,0.876206
663422,0.156543
7901255,2.20625
5460890,1.49988
8087132,2.27718
8003672,2.21381
3836305,1.01477
8980913,2.53264
7372340,2.04246
3585549,0.945835
3910204,1.03893
6522486,1.79419
7209250,1.96848
7000746,1.92451
2687773,0.726532
6392248,1.73874
8035269,2.22152
991672,0.240382
3809313,1.00645
4767639,1.2774
186194,0.0392004
2071002,0.530371
5665180,1.53051
4615086,1.23825
4167755,1.10324
1621793,0.403121
7338807,2.01773
32895,0.00645997
5478424,1.47073
1754412,0.447363
3629157,0.948627
1231775,0.302658
8874819,2.46129
7703147,2.14188
4263841,1.13718
3912039,1.04015
2803609,0.738854
7742512,2.1639
3044448,0.796106
4981901,1.33575
3987274,1.05882
9911893,2.79261
210813,0.0458174
2329299,0.602162
9107421,2.58256
4368464,1.16683
6539195,1.80133
9451533,2.67651
5897768,1.60699
9029145,2.52588
2187880,0.574069
486709,0.114609
6896350,1.91997
1859687,0.471716
5739448,1.57636
6023209,1.675
3757847,1.00633
2889720,0.76198
8412685,2.36125
3492150,0.93266
1743971,0.441464
3533699,0.940543
2387538,0.617317
2550312,0.660871
5871030,1.61789
8565971,2.41422
1035092,0.250012
6692827,1.84352
3458151,0.91092
7877312,2.16512
466924,0.107133
7267757,2.00878
8775693,2.45374
9312337,2.62108
5212240,1.42108
199555,0.0426311
2106010,0.542547
6672871,1.82856
578794,0.137252
9240005,2.5922
818732,0.198554
3324893,0.871684
2363942,0.606986
8094014,2.25025
1191490,0.291095
7763661,2.1592
3322853,0.876437
5930961,1.63473
3067606,0.806843
2983639,0.796092
6483388,1.78089
3788684,1.01478
4345888,1.18176
767869,0.191137
6267111,1.73155
1745433,0.450029
7998642,2.2424
196094,0.0426402
2575075,0.667556
4992423,1.35242
7805000,2.18967
617204,0.151234
2928390,0.790026
8191936,2.34046
9731028,2.86082
4928014,1.37611
4638056,1.29044
4317444,1.19535
820674,0.206579
971468,0.245452
844128,0.210268
2990023,0.815595
279269,0.0636931
8970282,2.56228
9462572,2.67011
4050138,1.10486
1717258,0.443293
9837491,2.80313
2373555,0.615381
7905532,2.21299
185808,0.0414493
2921583,0.766323
4437857,1.19403
8926065,2.49586
1967298,0.500707
5771501,1.57405
7984015,2.24904
7432110,2.06615
2124249,0.549458
7505690,2.09206
7601856,2.14755
3263902,0.862435
1948037,0.495807
864070,0.2105
254131,0.0571844
2571969,0.667827
4904012,1.33755
9054856,2.59974
6456740,1.83679
3369441,0.934261
2671041,0.719776
2425006,0.628875
1240238,0.30614
5999209,1.68533
5736561,1.64538
35920,0.00716662
1435763,0.372666
2539574,0.678996
7556216,2.18433
4614530,1.25615
3952733,1.09189
7400298,2.12219
553350,0.134074
6588619,1.87226
694216,0.16624
743971,0.180456
2169083,0.58203
8943425,2.57806
1092846,0.275839
4919109,1.36739
337907,0.0793136
3937728,1.08175
6809042,1.91099
5080511,1.41785
6470165,1.84113
913641,0.232221
6772878,1.92993
4976769,1.36147
1746909,0.450593
1595715,0.407313
7845444,2.24571
8376650,2.40684
201791,0.0456231
5936582,1.65143
3165210,0.846383
5786203,1.59378
5754012,1.60801
2232140,0.588809
6645674,1.8391
2142536,0.558169
9409500,2.6625
8325015,2.34758
9356427,2.66343
8223898,2.31641
4137344,1.10691
5163697,1.41694
9181152,2.60205
7975479,2.25646
7206432,2.00313
6310923,1.74459
7568921,2.12102
961855,0.232273
4303631,1.15476
4650047,1.27432
7434633,2.08649
2848006,0.760753
3465917,0.925961
6474552,1.80351
196847,0.0438265
4703070,1.30802
1433221,0.368748
8084243,2.26474
9716541,2.77149
6868651,1.9081
6883825,1.94592
4282588,1.1617
2865657,0.765592
4889027,1.3339
2482254,0.645297
2430042,0.632078
6310931,1.75293
5847743,1.616
4024748,1.09237
1423292,0.359983
727994,0.17797
8398612,2.40273
7987760,2.24917
647259,0.157258
5063658,1.3993
8610160,2.4787
4010120,1.11051
5436668,1.52103
777402,0.191138
7221088,2.01057
7594204,2.13811
5746435,1.60549
6806981,1.90489
1129069,0.2842
2323138,0.628961
2861184,0.755598
9640093,2.75096
872738,0.215361
8044460,2.2535
3771126,1.01287
4757943,1.31639
1264215,0.317432
1352935,0.343171
7238242,2.02175
4064338,1.09556
6213572,1.72001
5513998,1.51979
5069418,1.38155
7129777,2.00612
5537274,1.54186
1310755,0.333529
1120163,0.28231
9616191,2.75855
8424279,2.37877
1135785,0.279369
544133,0.128648
8457772,2.3919
2424482,0.639154
1497532,0.395235
4914277,1.39277
6836481,1.9564
7788140,2.24641
5432710,1.55581
5679032,1.60656
4628804,1.30765
5452391,1.52969
2045396,0.547872
8182622,2.38625
3017779,0.826931
409498,0.0973963
5302524,1.49924
5234270,1.48795
4082051,1.1305
2181230,0.586909
5753798,1.62369
9545576,2.77143
3145612,0.86508
3130153,0.858123
9389744,2.81723
8943679,2.60598
7717761,2.18966
473849,0.10945
2993021,0.799228
4368625,1.18489
6592860,1.82545
1993645,0.512944
1880951,0.477171
675311,0.161776
622764,0.149075
6078523,1.68188
2609119,0.686819
7813849,2.18841
6697869,1.86334
9853188,2.81305
4941187,1.38131
116758,0.0259937
9540261,2.74663
838857,0.208871
1511916,0.382965
3243417,0.855987
3335972,0.894966
7128221,1.99639
1310214,0.323489
444497,0.102997
3829732,1.0226
7173961,2.01119
9328028,2.62408
9081644,2.54976
972671,0.236849
2533070,0.659637
3087044,0.807362
903776,0.21988
9745809,2.75595
7228446,2.01312
4991089,1.3471
4116157,1.1045
2185289,0.566694
8681322,2.45635
2090952,0.538514
6058581,1.67286
794400,0.192661
2075450,0.543798
8956159,2.54775
1786156,0.45254
2680053,0.704301
3061862,0.814249
1136436,0.290367
3977134,1.07904
4333479,1.17039
2436272,0.633961
4076930,1.10059
4284484,1.16184
1672898,0.43268
2648126,0.705134
1523642,0.385094
9699201,2.77412
7837924,2.19388
6896287,1.93246
3058140,0.820531
9006742,2.60552
9008261,2.5969
1334755,0.337185
5071316,1.36641
8782369,2.44205
4621739,1.2491
9109623,2.5622
7737907,2.12429
1339531,0.33464
1469820,0.369156
9026697,2.50731
8103801,2.26793
3445251,0.908276
284524,0.0639111
2178616,0.558683
8980363,2.5136
949661,0.227016
9909262,2.78746
5997977,1.61423
7349119,2.03525
562060,0.129427
343664,0.0752505
6884519,1.89072
6232406,1.69961
6154541,1.6778
1030994,0.252867
6416317,1.75052
4058139,1.10076
3490762,0.906983
2810808,0.731315
2091950,0.541158
818524,0.195111
2672380,0.697466
6923830,1.89796
2094326,0.53821
7674283,2.12863
8553096,2.39183
7578201,2.15779
1152264,0.2872
8872919,2.51288
7116893,1.97363
390641,0.0889659
7815821,2.22464
7570192,2.16592
908858,0.228372
9713790,2.76656
9173847,2.66608
4698292,1.30258
6835685,1.91726
672722,0.163093
1935406,0.491331
8604215,2.47202
4952248,1.37714
90475,0.0191449
8002148,2.2654
8074530,2.27746
9076400,2.62223
8570965,2.44397
7797574,2.20986
4635754,1.29331
9553382,2.74505
1197460,0.298567
4406513,1.17533
7495122,2.06159
5228762,1.44504
3697771,0.996235
5260982,1.42424
1378307,0.340463
6488709,1.77243
2380799,0.633419
588336,0.1462
1587512,0.405746
461112,0.111848
5856736,1.64751
5131346,1.38769
2129082,0.543867
5899927,1.60733
6966485,1.89792
6680787,1.83331
8070953,2.25332
9189327,2.62558
489400,0.111736
6065511,1.63832
2002139,0.505029
9310167,2.63446
8464967,2.42309
5994581,1.6339
1411412,0.356483
8167980,2.26466
4769252,1.26696
8420924,2.37013
7659146,2.1169
9929661,2.80353
5687919,1.5535
5793789,1.58308
9083012,2.53655
800587,0.197834
8702482,2.44069
301472,0.0674193
1132859,0.297816
7789694,2.18286
4472395,1.19369
260563,0.05645
2416843,0.626188
8733792,2.42707
4848730,1.29634
5836409,1.58826
2743939,0.730727
4421961,1.18677
3925040,1.04014
5893003,1.60596
5484731,1.48488
773014,0.186383
1057630,0.263323
4700411,1.2697
8905160,2.47357
7139054,1.97221
8491386,2.36969
2546080,0.668506
1742960,0.442114
5901564,1.60808
9112850,2.54871
6745004,1.8587
3121675,0.833223
6117781,1.68728
1126516,0.280492
6064651,1.67007
1020304,0.249645
6396478,1.75645
7718932,2.15352
4966731,1.34436
4975495,1.34927
8247986,2.29187
2785232,0.743351
745178,0.180665
2267643,0.60872
9710794,2.7375
6326492,1.76837
1355851,0.333691
2512683,0.65686
8277067,2.31086
7598430,2.17106
154504,0.0342822
6063149,1.66942
6202900,1.69601
6168078,1.69887
2961780,0.772379
4039497,1.08076
5701276,1.54604
7306826,2.03565
3640667,0.968994
2295151,0.581353
9278882,2.59482
2106305,0.550462
9261702,2.62858
670622,0.160342
6280798,1.7171
8382748,2.33628
7967967,2.24145
2983230,0.779245
9052867,2.53733
3586467,0.947069
6902087,1.89887
8543155,2.37169
261121,0.057871
4765511,1.27247
2613724,0.687169
9054944,2.54638
251617,0.0573987
5567058,1.53602
3641932,0.965359
541162,0.125566
7891598,2.18254
5030471,1.35485
1842846,0.464883
3220734,0.840676
4803243,1.28998
4237085,1.13201
3243953,0.853935
3269697,0.87021
2320565,0.600001
2819262,0.750764
7962746,2.21127
4520211,1.21948
4335092,1.17136
5341018,1.4441
331729,0.075204
2303750,0.58953
5330753,1.43723
6562559,1.82112
4052713,1.06785
8796119,2.45746
4674294,1.26037
1035565,0.247564
3456314,0.906008
3201525,0.84131
5437146,1.4556
2135405,0.544697
489038,0.112376
3780864,1.00535
9947262,2.79034
7976040,2.22834
3490823,0.905744
4319864,1.13848
4708485,1.2513
1961311,0.493642
2335590,0.603123
9810596,2.75495
3068615,0.7827
9784063,2.7208
476945,0.109229
8391567,2.31707
9929494,2.76893
7856707,2.17336
5072455,1.35508
7624994,2.08909
7255947,2.00011
8808462,2.43883
2754397,0.869081
513320,0.123808
6134293,1.72277
8715719,2.43829
6147868,1.70265
6704848,1.91105
5997634,1.69231
9928255,2.87955
2176729,0.574225
9264745,2.66892
4032848,1.1076
1730226,0.453921
8039465,2.2596
3006276,0.783045
4580991,1.22676
625445,0.151442
6818162,1.90372
8522330,2.38582
2643971,0.678391
380205,0.0863742
5418473,1.46089
8929429,2.50496
557212,0.128745
1860721,0.4731
9285469,2.60748
6625727,1.86943
3790772,1.00726
5631547,1.53778
5220187,1.42628
26399,0.00504039
602196,0.142502
2246598,0.571718
7921851,2.21897
5220736,1.4241
67873,0.0139297
3298974,0.864008
6179917,1.69168
465039,0.107498
2615948,0.676822
1236064,0.301394
7209373,2.07499
5129189,1.43972
8848258,2.53975
6684218,1.85549
856016,0.214478
9889227,2.88749
7127760,2.01228
8040374,2.2689
3827009,1.06144
1832864,0.483519
942708,0.236643
6394349,1.82197
5695643,1.59025
2325250,0.594995
7657252,2.21242
3139762,0.852201
7709528,2.21661
2239315,0.587092
3039646,0.800591
1964793,0.500079
645179,0.159195
6606895,2.03207
8258418,2.30991
1478787,0.358513
2130334,0.538575
2240046,0.580271
1520271,0.37013
9238500,2.53025
44398,0.0083163
176750,0.0367838
5075514,1.33034
9313660,2.56211
1481656,0.366239
2433184,0.642065
2025464,0.507627
8377292,2.29126
459031,0.10206
8620673,2.36535
9560323,2.63172
330951,0.0712649
3112439,0.801082
138288,0.0280719
2873376,0.72621
2311993,0.565175
4159290,1.0863
2651373,0.669978
8631105,2.39992
4730296,1.23094
4596612,1.20096
9036359,2.49385
9511648,2.61413
8777005,2.42617
2171093,0.546843
3405521,0.883147
8549663,2.30107
965818,0.226286
1192632,0.282886
2377428,0.583213
975345,0.230402
2876983,0.731707
52613,0.0097308
3267639,0.820938
3025205,0.768975
5729732,1.51693
7877959,2.1037
7039699,1.93156
9387533,2.5685
1322647,0.316062
8700057,2.36232
4985251,1.29259
3955207,1.03788
61450,0.0113058
6782411,1.80705
96792,0.0190532
3108275,0.778843
8591357,2.36269
7418276,1.99034
1025154,0.244253
9962550,2.71408
861089,0.203587
2193019,0.539523
8310949,2.24669
2577220,0.64926
5773755,1.50921
592361,0.134308
7009232,1.86837
6314456,1.68765
4514524,1.1633
203441,0.0419514
172841,0.034171
4978281,1.31047
4915648,1.2865
4858993,1.25875
477659,0.105339
8762066,2.38363
8165414,2.24586
2265040,0.57414
8597862,2.30867
580151,0.132341
9169571,2.46735
7770743,2.10379
4470027,1.16311
3170297,0.808636
1510121,0.375793
8625372,2.33404
8135420,2.17579
268264,0.0574901
7541557,2.04797
4935491,1.31199
2080582,0.517442
9609515,2.58944
6850414,1.83116
7957753,2.16599
213760,0.0460216
7502653,2.0187
766651,0.174938
3073462,0.787472
7220109,1.96695
7056210,1.96714
6557539,1.78764
410740,0.0879607
6580598,1.79005
3530205,0.927085
4459269,1.17061
7695845,2.09182
3414250,0.889066
8796201,2.3875
6789381,1.79069
1740553,0.426791
6181892,1.64198
2463511,0.621325
6420732,1.70344
3620716,0.936466
7027245,1.87152
750584,0.176509
40395,0.00715218
9859998,2.70262
1932897,0.482114
6337115,1.68773
8912809,2.40514
1996010,0.491609
7799172,2.07588
6513487,1.71869
5886298,1.57278
5268811,1.37641
1973379,0.494484
8111387,2.16141
2157972,0.525942
7260764,1.91893
2583212,0.641578
9767195,2.65246
2148903,0.541037
2088486,0.514702
4506221,1.16925
1692091,0.408952
3556627,0.898687
8343743,2.23662
9501377,2.58355
7719953,2.05694
4094189,1.05739
5032102,1.33783
8042657,2.14333
9671097,2.62378
5917579,1.55313
6454391,1.73051
1280595,0.312717
2587918,0.652187
8909160,2.45482
7541797,2.02323
2204381,0.556648
2291339,0.570238
5665685,1.47386
1266905,0.300863
3502551,0.903153
720416,0.169146
8471076,2.27726
9032774,2.47444
3853093,0.991031
9516825,2.60197
3500095,0.920638
5407992,1.45064
3828166,0.993734
3630197,0.929844
4341834,1.11844
4265251,1.09912
8697233,2.36622
5079747,1.35162
1282221,0.31949
9763621,2.66103
9771506,2.71907
6804534,1.84536
6680095,1.82882
6615931,1.80372
1902147,0.494324
9455723,2.61296
5340559,1.43938
7027254,1.89815
9025642,2.458
8922328,2.43908
5531873,1.48671
6284485,1.68272
6523146,1.77709
2327844,0.577239
4871885,1.28061
9371407,2.5893
1597887,0.395816
7711938,2.0803
7592204,2.11066
5090975,1.33755
583774,0.133551
408879,0.0926161
7477552,1.99912
4643483,1.21961
4688317,1.241
5108763,1.334
1759942,0.433567
656844,0.158587
4014105,1.04382
3402203,0.873708
2566074,0.647747
380591,0.0853721
1615103,0.397704
5403351,1.43563
4707336,1.24542
4958591,1.30648
192369,0.0409472
647458,0.152398
5800285,1.57133
8213861,2.24193
9270376,2.53237
8089718,2.2074
877922,0.20455
2754033,0.683441
8264281,2.22891
2235900,0.549823
4850281,1.27449
7939524,2.1491
5362229,1.42211
235240,0.049948
8908967,2.43487
5854600,1.54813
6735337,1.78171
5967369,1.5876
2076461,0.517268
1797440,0.450104
925071,0.219073
7782058,2.14418
4452315,1.16484
88111,0.0177509
9994389,2.85562
1580525,0.399827
6021990,1.7147
1404864,0.380828
6483599,1.7791
4308586,1.14185
4728557,1.32389
3211989,0.872872
2168122,0.570486
3425055,0.937408
5581758,1.55303
8337881,2.30571
7443187,2.09302
9359430,2.62915
6377822,1.69227
6500581,1.73827
7994187,2.20465
6990495,1.93103
9380107,2.6733
2500581,0.629849
747342,0.176425
3012089,0.796469
5775338,1.55168
6859586,1.83766
8732110,2.37104
4595118,1.20684
2499029,0.620929
8922147,2.43367
4125363,1.08445
4927610,1.29912
1827121,0.451112
456432,0.102027
9073817,2.48145
8205350,2.27105
9418088,2.61194
90237,0.0186114
5141698,1.38193
6550518,1.74612
2136738,0.532299
1114087,0.265679
5826749,1.58256
8166365,2.22454
2148081,0.543512
7458036,2.02807
1547967,0.394179
6842711,1.89712
255534,0.0548605
9814433,2.68858
6087154,1.63272
8923877,2.48121
8563349,2.31565
167503,0.0343877
9817291,2.71448
2376867,0.606931
1525704,0.364681
904381,0.212181
2159804,0.532201
5754659,1.52637
2471935,0.619292
9461888,2.57664
5775833,1.5596
9210424,2.50542
8699913,2.40161
5186469,1.3815
5996674,1.59994
9803932,2.68199
9078699,2.46524
194160,0.043192
2866296,0.731588
8917633,2.46788
7100359,1.93997
4251957,1.11714
4385809,1.14432
2554274,0.639662
1296465,0.331992
9104382,2.48917
3030145,0.76189
7169554,1.93406
2288523,0.572356
2103047,0.528767
4557658,1.1991
2351678,0.589703
5674740,1.50935
3125251,0.788707
785072,0.179679
8862803,2.46215
3801798,0.997307
9350217,2.54141
2945379,0.744289
4562437,1.22541
9087323,2.5189
3905786,1.0151
2380787,0.594208
8061174,2.30297
7832461,2.14828
9632832,2.66547
516977,0.12097
3195302,0.834141
6876664,1.85162
179903,0.0381532
1286749,0.310328
9495119,2.57719
3270528,0.841895
8749298,2.38719
2792458,0.731937
2884648,0.73147
1629543,0.398251
7622358,2.09012
4323469,1.14014
3543427,0.910674
7663693,2.0692
9673678,2.66771
4228723,1.0975
9595364,2.61803
66544,0.0130671
4749236,1.24608
2790561,0.698325
7557585,2.06163
6245928,1.66461
8113146,2.21556
864393,0.200972
7459092,2.00913
8334695,2.26899
6995964,1.88567
8031121,2.19014
3551138,0.938019
1659447,0.412152
2905852,0.740613
3761624,0.967568
8759807,2.39302
4516269,1.17555
1734321,0.427361
5545225,1.48756
4350601,1.13494
9702021,2.68287
1943658,0.475169
9427966,2.67297
5603450,1.50984
419528,0.0944722
1683868,0.418647
9416919,2.58045
4133009,1.0743
9058422,2.47588
7911432,2.1427
4158221,1.09146
5877557,1.57631
7470399,1.98763
4275956,1.11437
1448141,0.353889
684941,0.167215
855367,0.198716
8815808,2.40566
8174397,2.21145
6076321,1.61559
6294565,1.67208
6779790,1.82974
8445213,2.30089
7012478,1.86873
6975074,1.87288
7039504,1.87443
1915266,0.468591
2792699,0.707324
7888426,2.17748
3203646,0.834934
4086111,1.06225
7219666,1.94467
231227,0.0556851
1658754,0.408274
1004612,0.23595
380107,0.0811798
662137,0.153625
4517271,1.18437
768445,0.177012
3533461,0.917078
9808336,2.68079
9606853,2.61983
6756485,1.8526
4450253,1.15982
5061355,1.35489
9163517,2.53556
2486447,0.619088
8137232,2.26901
7227538,1.96766
731009,0.171738
6647920,1.81407
9349239,2.58395
3734578,0.978241
2784161,0.733563
6581333,1.80959
9202601,2.51984
7877847,2.13682
3261457,0.85937
7147426,1.97359
2920812,0.74617
7120813,1.92173
7130894,1.94763
2686785,0.68564
154925,0.032637
9899960,2.74679
1985066,0.489828
8526057,2.34423
6963539,1.89076
4801520,1.26669
5965883,1.59947
1701364,0.418623
620793,0.145068
3484007,0.893878
305798,0.0665266
9091276,2.51857
7350965,1.98766
1046630,0.249888
4703173,1.23243
2549402,0.648715
1432497,0.349871
2022759,0.533872
912506,0.225497
5659368,1.57296
8342616,2.35075
9980353,2.74733
9696592,2.77648
7552980,2.05131
8499338,2.30085
3647722,0.945342
725210,0.168055
3229177,0.817841
4458361,1.18298
3268142,0.83492
1970438,0.491373
6946575,1.87461
3690023,0.947429
5901684,1.57059
258987,0.0548356
3268324,0.826964
2366110,0.593075
7936735,2.17818
8140744,2.21601
7450276,2.01017
2256140,0.573997
125533,0.0248474
304170,0.0651882
5507399,1.47323
4601664,1.20935
20224,0.00371446
2560596,0.634271
2409447,0.605378
4893767,1.30168
2701592,0.6776
4816830,1.26606
1636899,0.400703
7367371,1.99147
7591200,2.04042
1057028,0.251563
1984174,0.488485
4187345,1.07602
6289758,1.66858
3209488,0.817149
4193771,1.07959
392160,0.0850172
1357567,0.328233
87745,0.0172331
7600017,2.06864
8022642,2.16803
4372469,1.18683
8058973,2.20705
7870509,2.12556
5851019,1.57588
7521748,2.04276
2388738,0.59867
2212168,0.55196
9516282,2.61818
2058276,0.521678
189589,0.0398109
7321116,1.97605
3546152,0.915692
9095106,2.50493
974612,0.230189
1012078,0.235127
3433537,0.880784
580624,0.133672
5963140,1.59674
2290312,0.571515
8382635,2.35513
7746126,2.14543
4244886,1.11916
5446875,1.45292
3454716,0.901337
5345376,1.4436
7361637,1.99339
9990710,2.76902
6956802,1.89131
3891418,1.02923
869421,0.205178
7162421,1.93812
8471350,2.31692
8763648,2.40934
8298198,2.26325
721288,0.166981
1677183,0.410443
3611383,0.956889
3324213,0.86186
4828640,1.28068
7970956,2.14794
8603345,2.32034
4915949,1.31632
3129348,0.801729
5701992,1.51354
9058900,2.48789
2695255,0.681536
8199088,2.23422
6203277,1.66381
224130,0.0480329
410976,0.0932471
6199008,1.66442
5776342,1.55209
6131731,1.6229
6036972,1.65366
4279576,1.12818
5418519,1.46498
3174033,0.8148
8066988,2.1861
6356080,1.74747
1720957,0.434715
1219182,0.302593
3039034,0.820473
1723291,0.424384
8451533,2.3289
9899415,2.7437
684107,0.156182
8431669,2.3187
6426599,1.74974
1245985,0.300608
8668052,2.35067
8180638,2.27548
5792488,1.55377
3497384,0.904654
7788908,2.14307
2919080,0.7565
8386224,2.29699
9071240,2.52956
6043829,1.60374
6995413,1.89164
1466726,0.372666
3172518,0.808872
4250297,1.12437
233348,0.0494226
7347617,1.99603
1726003,0.423394
2924775,0.740424
9091135,2.50724
1521791,0.379702
3710042,0.97669
1297915,0.313636
2599976,0.671343
1410435,0.350044
4669335,1.2461
2977704,0.778991
270349,0.0603989
2172997,0.56403
2501420,0.64163
8146771,2.2451
5377192,1.44593
8525353,2.32211
370627,0.0821974
7137382,1.94166
6301332,1.6932
4636387,1.25726
4616043,1.23089
9084261,2.51859
2357679,0.599562
5144056,1.35664
8765203,2.44754
2262792,0.575399
3320228,0.855027
9354472,2.55943
5907223,1.60983
5565713,1.47864
6833775,1.81284
4008349,1.05996
5810918,1.57047
1261202,0.301679
6887498,1.86102
1434453,0.341261
2978932,0.765628
6503614,1.72326
1382041,0.333485
2352184,0.592376
5417367,1.44044
5696589,1.51352
9657108,2.66173
3690286,0.976718
2749513,0.696395
5399980,1.47037
69735,0.0129323
3484287,0.925331
1116610,0.27488
9579756,2.66652
1957494,0.48412
8323587,2.28898
3054688,0.772108
2021424,0.492997
6654153,1.8016
8162133,2.23536
9090542,2.48237
5935124,1.57022
7107614,1.93351
3556953,0.925287
4133078,1.07639
6143505,1.63355
4131019,1.11465
5603485,1.4898
249553,0.0530678
3588229,0.927157
7857536,2.12324
3449583,0.884946
8229323,2.22196
6575393,1.76687
3965203,1.05183
9845005,2.74125
2281775,0.574604
8959397,2.45818
164786,0.0339384
5996925,1.58262
2791411,0.716162
1308549,0.330653
8843354,2.44599
4415635,1.14463
7425468,2.01245
2042972,0.512472
1412793,0.338315
943616,0.225338
5942792,1.58481
4532484,1.18325
8515283,2.37206
8304778,2.27821
5093235,1.39864
3770572,1.01106
3230774,0.885202
9615205,2.66152
7086235,1.93266
3235216,0.829768
5671523,1.5125
3925732,1.00893
1242067,0.300037
1091557,0.261459
2467338,0.619522
9609957,2.64838
6563122,1.76695
5170053,1.40875
5206302,1.37144
6126139,1.6719
6108597,1.64331
2680019,0.681234
2763484,0.713362
3409463,0.879369
8064143,2.22325
1258586,0.304797
4561570,1.21619
2862679,0.737023
2833164,0.726768
6355236,1.70845
3803309,0.983897
8830649,2.46556
9918297,2.76506
9737550,2.70815
7037683,1.9118
1927269,0.475471
5305807,1.40878
8981771,2.47556
3125042,0.811232
5383313,1.42622
4513994,1.20038
7128350,1.93681
7662023,2.0631
5234981,1.39289
9416736,2.6325
1190687,0.295323
507796,0.117381
1288601,0.312561
1144269,0.278626
5462652,1.45097
5364115,1.40922
8572288,2.37454
8685442,2.41357
3179960,0.817239
6583577,1.75395
1149814,0.274382
9943642,2.73301
821118,0.198394
1832237,0.458728
7526035,2.05578
1092785,0.268325
3951813,1.04103
6284777,1.7158
5818407,1.57481
2177658,0.554931
1740745,0.436497
9196631,2.53463
6517195,1.757
1405620,0.347898
8312422,2.26081
3304042,0.855185
3368680,0.864906
6248282,1.69053
9380690,2.58101
3680655,0.965298
4233721,1.14282
1493571,0.39195
3040618,0.956773
2587698,0.727229
4250056,1.13214
7030942,1.89633
5755886,1.57412
9947686,2.78018
4988739,1.3455
4519046,1.19639
9556888,2.64745
1076595,0.262629
4316239,1.13115
6784653,1.84417
2086749,0.522613
9586981,2.70839
2631468,0.674532
3949822,1.03725
3620400,0.958106
8568840,2.3907
8991567,2.48656
9920099,2.77358
866551,0.210149
7215392,1.99144
9421930,2.63592
2138997,0.53898
8635393,2.35404
5173114,1.35879
4395479,1.16574
1775234,0.452816
6613577,1.80503
6025714,1.64409
7071198,1.92995
9762898,2.73121
6964998,1.91474
1263232,0.308398
766335,0.181908
9990199,2.78489
9254111,2.58849
7561749,2.11657
2226897,0.595528
5289736,1.44236
2265478,0.581765
2827560,0.734764
5563777,1.50488
1332066,0.331897
3957993,1.05599
2167344,0.560885
461451,0.105026
6759664,1.85951
503936,0.114469
7973559,2.20058
3111864,0.802711
5895162,1.62091
7375537,2.03018
5818578,1.58232
1932634,0.495461
9155713,2.6202
4146595,1.129
944371,0.232166
680022,0.164257
5045076,1.3607
4626939,1.24178
4385894,1.16544
6330359,1.71203
613176,0.143557
5263604,1.41334
6633870,1.81067
702114,0.165442
2839493,0.737886
8349631,2.34174
5987565,1.64571
3827983,1.0254
6782996,1.89282
2496308,0.660539
5121504,1.39715
6597251,1.82744
2001831,0.509549
2883517,0.764487
3619177,0.971471
1052571,0.257998
6060034,1.68122
1026404,0.251214
6634906,1.85399
712547,0.169187
6320599,1.77869
6579398,1.84685
871839,0.209783
8058171,2.28047
5272860,1.46719
3817795,1.02652
7041247,1.97388
9747642,2.79409
6807849,1.88823
7766104,2.17924
9349999,2.6541
4086562,1.10302
7694794,2.14771
5872650,1.63985
1549144,0.393965
5137207,1.41276
2940968,0.789371
9931116,2.84925
8856218,2.49332
7600199,2.10212
7962293,2.22206
1769317,0.441107
4087170,1.08404
4221619,1.11975
6100893,1.67709
8238481,2.32788
9345560,2.61828
7221222,2.0302
5084912,1.39277
5242467,1.43873
4788319,1.30371
878189,0.213428
8802004,2.48991
4502055,1.25059
4363864,1.18156
8898941,2.55549
3130342,0.857223
9355045,2.72972
4993408,1.38552
6279494,1.78176
7202604,2.03911
5162876,1.40791
1580819,0.399123
3127509,0.830836
1940002,0.5111
836439,0.209141
5201564,1.41209
3969147,1.06779
8888997,2.50879
5394972,1.47107
8496497,2.37234
4152574,1.11772
9041348,2.53617
9572128,2.70843
632546,0.151223
9540320,2.6882
1870521,0.477684
1030460,0.255816
8924724,2.49486
5812209,1.59991
3690055,0.994918
9911429,2.79712
1293678,0.320618
7675671,2.1503
6178290,1.75633
5365137,1.51169
7769564,2.21874
8345007,2.40665
4219874,1.171
7928278,2.28774
2488373,0.65485
2196788,0.570501
5603700,1.5558
5203034,1.47667
1681414,0.438465
6846018,1.95606
56581,0.0116665
4484466,1.22939
1557115,0.409197
9673515,2.8214
4525086,1.25997
2750573,0.741136
3141454,0.859857
5120163,1.39938
1374235,0.344958
2719625,0.728749
2553065,0.706117
7524334,2.16079
5591982,1.5841
3948743,1.0709
6212672,1.7291
255950,0.0589449
9482732,2.75196
2148331,0.570623
1751799,0.462068
9602429,2.73899
5637230,1.60004
8567020,2.48868
3852739,1.05651
2814264,0.747136
8327730,2.34592
3699723,0.982065
5924882,1.63307
8884083,2.53699
7948592,2.23942
1676789,0.421606
8749150,2.47696
1940146,0.495396
4371322,1.17938
6779765,1.87012
2457150,0.634661
8121941,2.28168
69665,0.0141535
71933,0.0150504
1912771,0.501075
8950038,2.54593
6614549,1.83345
3416791,0.904047
3820418,1.03663
5809740,1.61161
9391965,2.6818
5981607,1.64517
9293568,2.67157
7086191,1.97792
6135137,1.69995
7549100,2.13101
3551642,0.973745
7506740,2.10416
1493033,0.372491
9331787,2.61061
9669861,2.72367
140130,0.0297868
754998,0.179416
7942882,2.23599
6977668,1.9642
7166779,2.00086
5813687,1.60638
3020743,0.802441
2309806,0.609702
575440,0.136055
3134638,0.834715
6285436,1.72052
977904,0.239722
1735215,0.44392
2929673,0.758855
311407,0.0687972
9774919,2.76554
564847,0.134611
3827338,1.02666
2408459,0.629652
9759150,2.7439
7673803,2.15077
7869334,2.20659
4657712,1.27454
9802519,2.83767
5920027,1.62145
6391620,1.76117
3161519,0.83511
8543272,2.42035
6578315,1.8432
3477186,0.917395
3742913,1.00935
8131575,2.32701
4368214,1.19392
1022199,0.256852
1717188,0.436933
7292218,2.03022
355784,0.0806076
8402615,2.3797
8604408,2.42662
4141896,1.13436
94855,0.0197979
6327765,1.80482
6062727,1.66411
337572,0.0763459
4411049,1.19182
274443,0.059666
3303303,0.877111
1961013,0.503188
7421498,2.07138
5073238,1.40466
8616550,2.43405
8150522,2.29189
3389927,0.904168
6614956,1.84357
1525327,0.387126
4411182,1.20498
9913464,2.81864
8714137,2.45395
2033060,0.519097
6690307,1.86165
9349334,2.65432
4418037,1.19111
4460366,1.22631
5756775,1.58789
4301394,1.16506
7479892,2.13767
4663678,1.2686
3079655,0.820487
8964848,2.54445
4092204,1.10679
5799434,1.60318
8181691,2.29083
8032700,2.27581
6062984,1.69086
6271206,1.74834
5052624,1.37209
2743749,0.721317
2006774,0.530518
4659844,1.2639
2229336,0.585822
8271279,2.31858
5432066,1.49353
6124710,1.71415
8197684,2.32346
1824602,0.466604
7687146,2.15535
4952329,1.38203
7023300,1.9483
6022751,1.66316
5132871,1.40237
8760558,2.47631
1753922,0.447459
7190285,1.99263
9485528,2.69697
9852866,2.7965
7608774,2.12257
6769588,1.89076
3636315,0.970479
5740976,1.56914
6664345,1.8636
1201408,0.300723
4559378,1.24764
9747222,2.7955
5535351,1.53195
7803615,2.17912
3712885,0.992583
9992317,2.82401
5623464,1.53461
8000395,2.25145
8613170,2.41713
1876261,0.484295
3465256,0.936986
9640897,2.69871
7909251,2.18715
9180590,2.56443
4126571,1.11336
5814687,1.60708
8774707,2.46039
5406549,1.48349
24020,0.00458907
7533373,2.09081
6122489,1.67763
3300669,0.885888
1829857,0.470658
4201090,1.12203
9290900,2.62358
9713101,2.72597
3765626,0.99741
5776552,1.57303
2727214,0.715888
5427930,1.46444
3762620,0.997925
9630324,2.71541
2908320,0.779578
1354609,0.332948
7716213,2.13773
4234984,1.13533
5623997,1.55091
3078733,0.836506
1334735,0.343834
303851,0.070736
9167190,2.64294
7544281,2.09051
9616604,2.79893
2090764,0.555093
360351,0.085911
9339969,2.68599
2058308,0.526077
778266,0.189922
2386617,0.625488
6659041,1.89734
6632526,1.90257
5963460,1.68043
8757214,2.53967
7330187,2.07901
7160970,1.97002
8267164,2.33179
4040230,1.06664
4387253,1.20588
8094673,2.2243
4820089,1.30623
2656227,0.692988
4281008,1.14638
6627784,1.81149
8538866,2.37087
8678173,2.41641
1587946,0.398069
5987602,1.61177
360681,0.0798469
9019129,2.49855
203831,0.045576
5036481,1.35015
2661777,0.699136
7007245,1.95034
7231693,1.99769
8519300,2.36693
3804020,0.999246
2337623,0.597691
3231683,0.8572
694811,0.161828
3506093,0.924878
965767,0.234276
5926034,1.61545
3313426,0.871324
6276732,1.71168
497946,0.112669
2405815,0.618734
5237698,1.40315
8655480,2.39025
473229,0.109061
3057684,0.794767
177777,0.0385631
4234874,1.11829
1062605,0.256829
8130574,2.26507
6435672,1.75423
6615959,1.82416
2726348,0.711263
7281999,2.03448
2816229,0.732658
7606027,2.10884
9012560,2.50889
6599418,1.81005
8364847,2.31437
1458883,0.358901
4773151,1.3299
4306200,1.16755
1627008,0.403633
9445590,2.6588
8017081,2.22395
7516056,2.0734
8164160,2.26414
6186526,1.684
4398242,1.17256
245774,0.0537724
5804465,1.58276
2639364,0.679125
2608027,0.66462
6602022,1.80169
5448613,1.49635
4841053,1.35898
6485734,1.80362
5689626,1.55851
2413678,0.61876
4132534,1.12375
2844761,0.73875
5909936,1.59658
9977842,2.79331
8670691,2.42307
1446482,0.369533
5351002,1.45582
2568540,0.67181
9987349,2.79839
6595496,1.85075
2730007,0.716515
5203376,1.39492
6837971,1.88896
4213533,1.11914
9068024,2.51442
9975141,2.84595
2233047,0.570096
4778003,1.29632
8492259,2.36508
782627,0.18833
117209,0.0234972
7591183,2.0908
2124362,0.545744
751412,0.184906
8731105,2.50941
1445590,0.357215
3851482,1.02119
4501950,1.20201
2384654,0.617748
741104,0.174851
4211399,1.12403
3206183,0.842031
2678116,0.693335
6374233,1.73638
9734634,2.75313
7948216,2.22761
2628864,0.697671
6053774,1.67729
620010,0.150067
1182204,0.293442
934345,0.227342
1968370,0.496218
4740899,1.26458
2968943,0.786587
519815,0.12106
9778412,2.7594
2203588,0.573704
9846299,2.80029
7073065,1.94926
4105134,1.0881
1966501,0.497803
2920145,0.759456
7908795,2.20657
6997636,1.94493
6579150,1.81139
6460945,1.78376
4901906,1.31869
4240025,1.13421
7334373,2.02512
586149,0.137518
3250123,0.866322
9146155,2.5762
4741476,1.28116
1704233,0.441644
6682165,1.85187
406688,0.0976108
606379,0.147875
9053346,2.60441
5137902,1.38652
9419767,2.65662
3412893,0.893845
570979,0.134706
3966256,1.06444
1367415,0.33867
6826929,1.87349
5104405,1.38075
5414394,1.46994
5474018,1.50081
6462589,1.81237
1724547,0.43789
933262,0.223763
2916282,0.75704
8568701,2.39217
5129348,1.40521
6321786,1.75766
6253390,1.71045
3050176,0.791661
8327484,2.34196
4308721,1.15242
7701674,2.12978
3024891,0.787056
6038946,1.63771
5228270,1.42627
4651471,1.2533
2272944,0.588203
1195825,0.29299
4958667,1.3321
1310938,0.322723
8887147,2.48932
4564234,1.21563
1339985,0.329327
3258797,0.854881
6313063,1.72734
6600098,1.80452
5339132,1.45031
4794647,1.29307
4440131,1.19653
2033708,0.517288
